0 1
0 2
0 3
0 4
0 5
0 6
0 7
0 8
0 9
0 10
0 11
0 12
0 13
0 14
0 15
0 16
0 17
0 18
0 20
0 21
0 22
0 24
0 26
0 27
0 28
0 32
0 36
0 40
0 41
0 42
0 48
0 52
0 54
0 57
0 58
0 61
0 64
0 67
0 77
0 80
0 81
0 82
0 83
0 91
0 94
0 97
0 98
0 109
0 112
0 123
0 128
0 129
0 130
0 147
0 159
0 172
0 180
0 181
0 182
0 189
0 191
0 192
0 193
0 201
0 203
0 206
0 212
0 218
0 221
0 222
0 227
0 230
0 240
0 251
0 254
0 255
0 262
0 266
0 269
0 283
0 309
0 320
0 335
0 340
0 344
0 347
0 354
0 362
0 364
0 387
0 401
0 403
0 419
0 431
0 445
0 461
0 465
0 468
0 478
0 502
0 505
0 510
0 521
0 535
0 563
0 571
0 586
0 617
0 626
0 654
0 677
0 691
0 693
0 705
0 711
0 724
0 738
0 740
0 755
0 756
0 791
0 796
0 803
0 805
0 818
0 850
0 861
0 888
0 892
0 910
0 913
0 920
0 938
0 944
0 954
0 959
0 971
1 11
1 12
1 13
1 14
1 16
1 20
1 23
1 24
1 26
1 29
1 37
1 51
1 53
1 89
1 91
1 107
1 115
1 120
1 146
1 152
1 165
1 184
1 211
1 213
1 243
1 246
1 265
1 279
1 288
1 289
1 291
1 337
1 355
1 389
1 390
1 411
1 435
1 437
1 449
1 521
1 526
1 543
1 644
1 705
1 725
1 773
1 776
1 805
1 824
1 863
1 865
2 11
2 12
2 14
2 15
2 16
2 17
2 18
2 20
2 25
2 27
2 33
2 34
2 37
2 43
2 44
2 46
2 50
2 54
2 60
2 64
2 67
2 69
2 74
2 84
2 98
2 100
2 101
2 105
2 129
2 131
2 144
2 181
2 188
2 189
2 212
2 215
2 224
2 228
2 234
2 254
2 277
2 279
2 281
2 299
2 309
2 333
2 338
2 343
2 362
2 366
2 373
2 403
2 406
2 408
2 413
2 428
2 436
2 439
2 449
2 468
2 471
2 480
2 482
2 501
2 523
2 558
2 580
2 596
2 608
2 658
2 659
2 685
2 731
2 760
2 776
2 803
2 806
2 815
2 818
2 842
2 849
2 855
2 881
2 920
2 999
3 11
3 12
3 13
3 14
3 15
3 17
3 18
3 19
3 20
3 21
3 31
3 37
3 38
3 40
3 45
3 51
3 53
3 58
3 62
3 63
3 66
3 67
3 73
3 79
3 102
3 103
3 111
3 117
3 118
3 133
3 142
3 149
3 154
3 175
3 179
3 214
3 215
3 217
3 223
3 228
3 237
3 240
3 242
3 247
3 265
3 271
3 273
3 281
3 292
3 302
3 304
3 327
3 341
3 356
3 364
3 382
3 386
3 394
3 396
3 414
3 421
3 432
3 447
3 452
3 453
3 468
3 485
3 500
3 510
3 518
3 519
3 524
3 531
3 536
3 537
3 548
3 587
3 601
3 602
3 609
3 617
3 628
3 641
3 670
3 676
3 700
3 741
3 759
3 764
3 774
3 782
3 792
3 793
3 798
3 822
3 870
3 889
3 920
3 923
3 931
3 959
3 963
3 993
4 41
4 53
4 61
4 70
4 84
4 87
4 105
4 112
4 138
4 191
4 299
4 481
4 488
4 505
4 526
4 603
4 614
4 641
4 656
4 716
4 833
4 854
4 860
4 966
4 984
5 11
5 12
5 13
5 14
5 15
5 22
5 23
5 26
5 30
5 32
5 36
5 39
5 47
5 48
5 49
5 52
5 54
5 62
5 63
5 65
5 75
5 78
5 86
5 98
5 111
5 113
5 119
5 128
5 134
5 135
5 139
5 156
5 161
5 176
5 179
5 199
5 220
5 229
5 252
5 256
5 257
5 301
5 303
5 314
5 316
5 323
5 353
5 376
5 378
5 387
5 397
5 401
5 409
5 416
5 425
5 488
5 494
5 498
5 502
5 504
5 507
5 508
5 509
5 510
5 516
5 536
5 560
5 561
5 571
5 576
5 586
5 603
5 635
5 649
5 658
5 665
5 680
5 703
5 728
5 755
5 784
5 785
5 798
5 814
5 837
5 838
5 843
5 868
5 898
5 949
5 962
5 987
5 993
6 11
6 12
6 13
6 18
6 19
6 23
6 29
6 35
6 39
6 46
6 50
6 51
6 64
6 65
6 72
6 75
6 77
6 85
6 106
6 110
6 118
6 201
6 236
6 318
6 337
6 353
6 373
6 389
6 410
6 444
6 491
6 533
6 562
6 578
6 592
6 691
6 763
6 787
6 854
6 856
6 893
7 11
7 12
7 13
7 14
7 15
7 16
7 17
7 19
7 20
7 22
7 23
7 24
7 25
7 28
7 29
7 30
7 31
7 35
7 37
7 38
7 40
7 41
7 50
7 54
7 57
7 58
7 70
7 100
7 101
7 120
7 121
7 122
7 125
7 127
7 143
7 144
7 150
7 151
7 155
7 165
7 167
7 185
7 188
7 194
7 195
7 197
7 198
7 200
7 206
7 209
7 242
7 254
7 267
7 278
7 285
7 294
7 305
7 307
7 308
7 321
7 325
7 340
7 356
7 360
7 366
7 375
7 378
7 385
7 394
7 400
7 405
7 406
7 414
7 439
7 484
7 491
7 501
7 507
7 514
7 548
7 578
7 580
7 581
7 605
7 632
7 633
7 634
7 642
7 696
7 721
7 727
7 737
7 761
7 781
7 794
7 801
7 811
7 829
7 837
7 847
7 862
7 871
7 920
7 932
7 966
7 979
7 983
7 992
8 11
8 12
8 13
8 19
8 25
8 31
8 33
8 38
8 59
8 65
8 68
8 81
8 85
8 87
8 100
8 127
8 135
8 159
8 163
8 169
8 190
8 198
8 224
8 230
8 268
8 319
8 383
8 448
8 460
8 479
8 494
8 565
8 581
8 596
8 658
8 684
8 727
8 758
8 779
8 806
8 809
8 883
8 960
9 11
9 13
9 14
9 15
9 16
9 17
9 18
9 24
9 26
9 32
9 37
9 44
9 66
9 80
9 81
9 93
9 102
9 112
9 118
9 123
9 124
9 126
9 129
9 135
9 140
9 141
9 145
9 151
9 161
9 162
9 173
9 177
9 182
9 186
9 187
9 191
9 194
9 195
9 201
9 204
9 205
9 219
9 245
9 255
9 258
9 261
9 290
9 306
9 309
9 345
9 364
9 385
9 406
9 448
9 466
9 475
9 486
9 499
9 507
9 512
9 513
9 542
9 544
9 572
9 635
9 679
9 699
9 703
9 716
9 722
9 750
9 763
9 793
9 887
9 902
9 916
9 945
9 947
9 961
9 964
9 992
10 11
10 12
10 16
10 17
10 21
10 27
10 28
10 29
10 33
10 76
10 90
10 110
10 163
10 180
10 203
10 275
10 304
10 319
10 339
10 391
10 400
10 439
10 540
10 556
10 622
10 638
10 660
10 724
10 726
10 762
10 806
10 864
10 865
10 868
10 918
10 951
10 970
11 12
11 13
11 14
11 15
11 16
11 17
11 18
11 19
11 21
11 22
11 23
11 25
11 29
11 31
11 32
11 36
11 38
11 39
11 40
11 47
11 48
11 50
11 51
11 53
11 57
11 58
11 61
11 66
11 68
11 72
11 85
11 86
11 87
11 104
11 106
11 109
11 110
11 128
11 129
11 131
11 140
11 141
11 160
11 161
11 164
11 169
11 173
11 182
11 184
11 187
11 190
11 200
11 204
11 205
11 207
11 217
11 234
11 237
11 239
11 243
11 246
11 247
11 252
11 255
11 260
11 263
11 285
11 287
11 300
11 301
11 302
11 303
11 323
11 327
11 332
11 334
11 338
11 343
11 345
11 350
11 353
11 356
11 368
11 371
11 379
11 388
11 392
11 395
11 404
11 408
11 427
11 440
11 443
11 452
11 469
11 479
11 482
11 498
11 506
11 510
11 513
11 514
11 533
11 534
11 553
11 580
11 583
11 584
11 592
11 600
11 601
11 603
11 609
11 610
11 611
11 632
11 635
11 641
11 643
11 649
11 658
11 659
11 662
11 670
11 671
11 674
11 679
11 690
11 730
11 740
11 760
11 766
11 802
11 813
11 819
11 837
11 855
11 889
11 898
11 913
11 915
11 926
11 930
11 944
11 951
11 954
11 972
11 980
12 13
12 14
12 15
12 16
12 17
12 19
12 21
12 22
12 23
12 24
12 25
12 27
12 29
12 30
12 32
12 38
12 39
12 41
12 43
12 44
12 49
12 52
12 57
12 59
12 60
12 61
12 62
12 65
12 67
12 68
12 70
12 83
12 86
12 87
12 89
12 91
12 92
12 96
12 99
12 103
12 104
12 107
12 115
12 116
12 119
12 121
12 125
12 128
12 132
12 135
12 141
12 152
12 156
12 158
12 160
12 163
12 177
12 178
12 179
12 184
12 187
12 189
12 195
12 202
12 205
12 207
12 208
12 212
12 217
12 220
12 225
12 239
12 247
12 249
12 254
12 259
12 272
12 274
12 275
12 281
12 284
12 288
12 295
12 297
12 306
12 307
12 315
12 322
12 325
12 326
12 331
12 340
12 348
12 354
12 356
12 357
12 375
12 385
12 446
12 449
12 463
12 464
12 484
12 487
12 493
12 506
12 508
12 517
12 535
12 539
12 545
12 557
12 575
12 582
12 613
12 615
12 618
12 631
12 642
12 650
12 651
12 656
12 668
12 673
12 707
12 771
12 774
12 793
12 797
12 823
12 826
12 839
12 845
12 858
12 860
12 877
12 890
12 902
12 908
12 913
12 961
12 969
12 990
12 999
13 14
13 15
13 17
13 18
13 19
13 20
13 22
13 23
13 28
13 31
13 41
13 42
13 45
13 52
13 54
13 58
13 61
13 63
13 64
13 66
13 72
13 78
13 80
13 83
13 95
13 100
13 106
13 124
13 142
13 144
13 153
13 163
13 187
13 188
13 192
13 195
13 199
13 213
13 216
13 239
13 251
13 258
13 260
13 269
13 282
13 306
13 311
13 318
13 371
13 404
13 405
13 408
13 412
13 442
13 492
13 520
13 542
13 546
13 559
13 574
13 583
13 633
13 645
13 687
13 714
13 771
13 778
13 792
13 794
13 811
13 855
13 875
13 899
13 909
13 982
13 985
13 986
14 15
14 16
14 17
14 18
14 20
14 21
14 22
14 24
14 25
14 26
14 27
14 29
14 32
14 34
14 36
14 37
14 41
14 42
14 46
14 47
14 48
14 53
14 55
14 56
14 59
14 63
14 68
14 75
14 77
14 79
14 82
14 84
14 90
14 92
14 96
14 97
14 100
14 101
14 110
14 113
14 115
14 122
14 145
14 152
14 153
14 155
14 156
14 157
14 158
14 167
14 171
14 177
14 186
14 196
14 197
14 199
14 207
14 208
14 210
14 219
14 270
14 280
14 283
14 343
14 368
14 374
14 379
14 387
14 393
14 396
14 405
14 422
14 423
14 424
14 443
14 445
14 448
14 463
14 492
14 493
14 538
14 553
14 562
14 587
14 593
14 607
14 632
14 647
14 654
14 655
14 673
14 676
14 702
14 726
14 728
14 735
14 742
14 750
14 777
14 779
14 786
14 804
14 825
14 842
14 885
14 916
14 941
14 944
14 959
14 960
14 990
15 16
15 18
15 19
15 20
15 21
15 25
15 26
15 28
15 30
15 33
15 35
15 40
15 41
15 44
15 45
15 47
15 53
15 54
15 61
15 67
15 74
15 76
15 79
15 85
15 86
15 88
15 90
15 94
15 96
15 98
15 100
15 106
15 109
15 112
15 113
15 114
15 117
15 118
15 139
15 140
15 142
15 151
15 174
15 181
15 196
15 200
15 206
15 207
15 210
15 223
15 225
15 232
15 247
15 250
15 253
15 272
15 288
15 292
15 302
15 314
15 316
15 322
15 327
15 331
15 351
15 353
15 358
15 363
15 375
15 380
15 388
15 393
15 408
15 420
15 446
15 450
15 453
15 471
15 476
15 495
15 503
15 511
15 527
15 531
15 540
15 548
15 552
15 562
15 571
15 598
15 602
15 607
15 609
15 611
15 651
15 665
15 674
15 677
15 696
15 708
15 746
15 755
15 785
15 789
15 863
15 870
15 910
15 935
15 948
15 956
15 969
15 981
15 983
15 987
16 18
16 19
16 21
16 22
16 24
16 27
16 28
16 30
16 31
16 32
16 34
16 39
16 43
16 57
16 60
16 67
16 69
16 72
16 78
16 80
16 83
16 87
16 88
16 92
16 94
16 112
16 116
16 126
16 127
16 130
16 132
16 133
16 147
16 149
16 150
16 152
16 166
16 167
16 168
16 176
16 184
16 196
16 215
16 232
16 236
16 245
16 247
16 248
16 253
16 256
16 264
16 267
16 285
16 293
16 304
16 313
16 326
16 328
16 336
16 341
16 349
16 352
16 361
16 377
16 387
16 404
16 406
16 415
16 420
16 424
16 425
16 435
16 486
16 497
16 510
16 514
16 538
16 567
16 594
16 612
16 626
16 630
16 634
16 648
16 650
16 651
16 662
16 671
16 677
16 681
16 713
16 733
16 735
16 741
16 769
16 783
16 790
16 794
16 821
16 829
16 830
16 840
16 843
16 846
16 850
16 892
16 940
16 941
16 946
16 975
16 981
17 19
17 20
17 23
17 26
17 28
17 29
17 32
17 36
17 38
17 41
17 43
17 49
17 50
17 55
17 68
17 72
17 81
17 82
17 89
17 102
17 121
17 149
17 171
17 183
17 195
17 200
17 207
17 222
17 259
17 277
17 294
17 312
17 328
17 337
17 379
17 390
17 392
17 409
17 425
17 426
17 440
17 441
17 450
17 457
17 507
17 509
17 515
17 540
17 552
17 609
17 631
17 643
17 648
17 649
17 733
17 751
17 752
17 757
17 813
17 867
17 917
17 938
17 949
18 21
18 23
18 24
18 26
18 28
18 29
18 30
18 32
18 33
18 34
18 35
18 36
18 40
18 44
18 45
18 46
18 48
18 50
18 56
18 57
18 60
18 64
18 65
18 67
18 68
18 71
18 73
18 76
18 77
18 79
18 80
18 85
18 93
18 100
18 102
18 107
18 111
18 113
18 120
18 122
18 124
18 130
18 134
18 139
18 147
18 148
18 157
18 173
18 177
18 181
18 183
18 206
18 213
18 220
18 252
18 295
18 298
18 300
18 310
18 311
18 328
18 329
18 330
18 332
18 333
18 336
18 340
18 347
18 353
18 357
18 382
18 405
18 416
18 425
18 458
18 461
18 472
18 496
18 499
18 534
18 537
18 612
18 629
18 630
18 638
18 684
18 685
18 695
18 725
18 730
18 731
18 742
18 750
18 790
18 835
18 849
18 867
18 894
18 897
18 925
18 932
18 938
18 960
18 977
18 985
19 20
19 22
19 24
19 25
19 26
19 27
19 31
19 33
19 34
19 37
19 38
19 39
19 41
19 42
19 43
19 46
19 49
19 62
19 65
19 66
19 71
19 73
19 74
19 78
19 80
19 82
19 86
19 88
19 90
19 98
19 101
19 105
19 108
19 110
19 129
19 133
19 137
19 144
19 156
19 162
19 165
19 170
19 172
19 177
19 184
19 185
19 210
19 216
19 217
19 224
19 228
19 239
19 241
19 245
19 252
19 276
19 290
19 296
19 305
19 312
19 319
19 320
19 328
19 344
19 345
19 349
19 377
19 379
19 434
19 438
19 445
19 451
19 459
19 464
19 471
19 475
19 483
19 508
19 509
19 511
19 531
19 569
19 571
19 606
19 616
19 624
19 638
19 655
19 660
19 662
19 678
19 694
19 729
19 738
19 754
19 758
19 759
19 780
19 808
19 816
19 827
19 837
19 851
19 856
19 875
19 885
19 928
19 941
19 948
19 980
19 987
19 998
20 21
20 28
20 30
20 33
20 34
20 36
20 45
20 59
20 60
20 62
20 74
20 75
20 80
20 85
20 89
20 91
20 93
20 102
20 137
20 138
20 142
20 145
20 147
20 150
20 161
20 202
20 205
20 209
20 218
20 230
20 232
20 247
20 266
20 273
20 295
20 302
20 303
20 316
20 319
20 352
20 375
20 396
20 398
20 411
20 418
20 424
20 428
20 469
20 481
20 485
20 519
20 525
20 529
20 531
20 562
20 564
20 578
20 619
20 620
20 631
20 657
20 660
20 684
20 697
20 698
20 701
20 716
20 720
20 721
20 740
20 745
20 801
20 817
20 840
20 911
20 912
20 931
20 977
21 22
21 23
21 26
21 27
21 30
21 32
21 33
21 35
21 36
21 39
21 45
21 50
21 52
21 57
21 60
21 61
21 81
21 89
21 93
21 94
21 95
21 98
21 103
21 109
21 116
21 117
21 131
21 132
21 152
21 155
21 170
21 171
21 190
21 202
21 203
21 204
21 226
21 230
21 244
21 256
21 263
21 277
21 280
21 283
21 286
21 287
21 295
21 315
21 317
21 326
21 329
21 343
21 359
21 363
21 366
21 369
21 372
21 373
21 374
21 378
21 383
21 389
21 410
21 413
21 415
21 417
21 430
21 457
21 463
21 470
21 487
21 489
21 505
21 517
21 527
21 532
21 548
21 557
21 563
21 564
21 576
21 579
21 613
21 621
21 624
21 639
21 646
21 656
21 661
21 665
21 673
21 681
21 694
21 710
21 718
21 735
21 737
21 743
21 751
21 765
21 769
21 792
21 804
21 831
21 847
21 877
21 900
21 921
21 925
21 936
21 937
21 945
21 970
21 995
21 996
22 24
22 25
22 27
22 29
22 34
22 35
22 42
22 44
22 50
22 56
22 58
22 72
22 73
22 74
22 75
22 84
22 86
22 94
22 95
22 97
22 111
22 123
22 126
22 134
22 143
22 164
22 166
22 173
22 175
22 183
22 214
22 217
22 218
22 235
22 236
22 248
22 257
22 274
22 284
22 293
22 297
22 302
22 323
22 330
22 356
22 368
22 372
22 379
22 397
22 404
22 430
22 454
22 455
22 457
22 484
22 495
22 497
22 519
22 524
22 528
22 529
22 559
22 574
22 587
22 603
22 610
22 611
22 621
22 623
22 633
22 652
22 675
22 706
22 712
22 719
22 720
22 722
22 760
22 836
22 843
22 878
22 909
22 935
22 938
22 944
22 963
22 967
22 969
22 970
22 997
23 30
23 47
23 48
23 77
23 90
23 116
23 123
23 124
23 154
23 239
23 276
23 303
23 331
23 394
23 396
23 445
23 482
23 585
23 607
23 620
23 633
23 677
23 702
23 741
23 746
23 751
23 758
23 764
23 788
23 791
23 840
23 870
23 876
23 916
23 925
23 958
23 987
24 25
24 34
24 35
24 45
24 46
24 71
24 72
24 75
24 81
24 88
24 89
24 119
24 135
24 144
24 146
24 179
24 183
24 204
24 212
24 221
24 222
24 236
24 264
24 276
24 279
24 293
24 318
24 467
24 487
24 512
24 521
24 525
24 548
24 572
24 578
24 650
24 661
24 667
24 675
24 748
24 767
24 784
24 830
24 914
24 946
24 949
24 970
25 27
25 31
25 33
25 34
25 37
25 40
25 47
25 50
25 51
25 54
25 56
25 71
25 74
25 75
25 76
25 77
25 94
25 96
25 97
25 107
25 108
25 115
25 118
25 127
25 139
25 140
25 151
25 156
25 157
25 174
25 204
25 211
25 223
25 227
25 229
25 236
25 239
25 262
25 281
25 301
25 303
25 316
25 330
25 342
25 344
25 362
25 409
25 422
25 426
25 439
25 457
25 468
25 487
25 501
25 505
25 565
25 589
25 636
25 642
25 651
25 707
25 730
25 739
25 748
25 759
25 764
25 780
25 788
25 795
25 838
25 851
25 865
25 878
25 891
25 893
25 919
25 934
26 28
26 36
26 40
26 42
26 53
26 62
26 101
26 117
26 132
26 249
26 255
26 283
26 311
26 338
26 371
26 373
26 377
26 382
26 393
26 430
26 450
26 454
26 473
26 536
26 553
26 571
26 649
26 685
26 699
26 771
26 810
26 825
26 894
26 932
26 957
27 35
27 39
27 43
27 46
27 48
27 52
27 59
27 95
27 114
27 115
27 131
27 134
27 135
27 154
27 157
27 159
27 160
27 171
27 197
27 202
27 203
27 241
27 254
27 292
27 296
27 319
27 327
27 358
27 382
27 384
27 418
27 437
27 480
27 482
27 507
27 510
27 543
27 550
27 553
27 555
27 568
27 641
27 660
27 696
27 721
27 752
27 760
27 765
27 775
27 833
27 851
27 889
27 923
27 976
27 984
27 992
28 30
28 31
28 38
28 40
28 42
28 45
28 48
28 53
28 54
28 58
28 64
28 71
28 73
28 76
28 91
28 104
28 119
28 121
28 124
28 127
28 135
28 143
28 166
28 184
28 194
28 216
28 219
28 224
28 232
28 240
28 267
28 293
28 343
28 349
28 350
28 395
28 406
28 423
28 468
28 501
28 513
28 514
28 555
28 570
28 580
28 602
28 628
28 646
28 660
28 678
28 692
28 699
28 702
28 738
28 789
28 824
28 903
28 959
28 974
29 31
29 35
29 40
29 42
29 43
29 47
29 49
29 62
29 73
29 78
29 79
29 84
29 93
29 106
29 113
29 114
29 132
29 134
29 135
29 142
29 147
29 150
29 158
29 184
29 197
29 220
29 232
29 240
29 249
29 265
29 271
29 272
29 276
29 283
29 294
29 298
29 306
29 314
29 337
29 355
29 380
29 407
29 418
29 443
29 459
29 477
29 482
29 515
29 533
29 539
29 567
29 581
29 606
29 654
29 686
29 710
29 737
29 765
29 822
29 826
29 851
29 878
29 913
29 918
29 924
29 974
30 39
30 51
30 59
30 77
30 79
30 80
30 86
30 96
30 101
30 124
30 133
30 139
30 145
30 154
30 163
30 181
30 190
30 208
30 228
30 267
30 281
30 298
30 323
30 341
30 360
30 364
30 373
30 387
30 412
30 427
30 445
30 447
30 463
30 536
30 589
30 617
30 687
30 714
30 739
30 772
30 802
30 818
30 833
30 839
30 859
30 868
30 938
30 993
31 34
31 35
31 36
31 38
31 39
31 56
31 66
31 70
31 77
31 82
31 92
31 94
31 99
31 105
31 109
31 115
31 119
31 137
31 146
31 151
31 155
31 171
31 188
31 196
31 202
31 224
31 229
31 253
31 273
31 314
31 322
31 324
31 334
31 339
31 355
31 359
31 372
31 375
31 388
31 403
31 411
31 415
31 424
31 427
31 434
31 442
31 471
31 487
31 502
31 526
31 531
31 667
31 693
31 726
31 728
31 756
31 780
31 798
31 799
31 834
31 835
31 840
31 851
31 854
31 861
31 884
31 892
31 919
31 923
31 928
31 952
31 953
31 974
32 33
32 38
32 42
32 51
32 55
32 69
32 73
32 93
32 106
32 113
32 125
32 149
32 166
32 169
32 183
32 216
32 230
32 244
32 260
32 272
32 278
32 301
32 360
32 407
32 433
32 458
32 512
32 543
32 553
32 569
32 605
32 639
32 647
32 688
32 692
32 768
32 786
32 791
32 825
32 832
32 840
32 855
32 885
32 962
33 37
33 43
33 51
33 55
33 56
33 58
33 74
33 95
33 98
33 107
33 110
33 111
33 114
33 118
33 120
33 130
33 136
33 152
33 153
33 191
33 193
33 210
33 225
33 226
33 250
33 256
33 260
33 282
33 313
33 330
33 339
33 346
33 347
33 360
33 382
33 412
33 428
33 441
33 452
33 453
33 454
33 467
33 474
33 479
33 524
33 529
33 530
33 549
33 621
33 626
33 650
33 667
33 689
33 710
33 713
33 735
33 740
33 745
33 760
33 766
33 778
33 780
33 794
33 814
33 832
33 834
33 842
33 856
33 859
33 879
33 935
33 937
33 974
34 37
34 59
34 70
34 71
34 84
34 90
34 108
34 109
34 116
34 120
34 138
34 145
34 159
34 187
34 221
34 229
34 234
34 248
34 257
34 291
34 300
34 305
34 329
34 335
34 342
34 345
34 346
34 350
34 351
34 433
34 437
34 449
34 496
34 522
34 575
34 576
34 580
34 590
34 597
34 621
34 643
34 734
34 736
34 783
34 788
34 819
34 823
34 839
34 865
34 882
34 928
34 974
35 44
35 47
35 48
35 65
35 68
35 70
35 96
35 161
35 169
35 178
35 208
35 216
35 225
35 260
35 261
35 289
35 338
35 366
35 424
35 495
35 531
35 532
35 539
35 579
35 588
35 594
35 631
35 633
35 641
35 842
35 851
35 872
35 899
35 905
35 929
35 968
36 44
36 45
36 46
36 47
36 62
36 79
36 85
36 95
36 105
36 110
36 112
36 119
36 140
36 143
36 177
36 201
36 204
36 211
36 213
36 218
36 225
36 243
36 254
36 268
36 270
36 280
36 296
36 318
36 327
36 374
36 387
36 441
36 447
36 457
36 470
36 565
36 568
36 607
36 647
36 677
36 746
36 897
36 915
36 931
36 998
37 45
37 49
37 54
37 55
37 59
37 63
37 78
37 82
37 83
37 96
37 99
37 109
37 123
37 135
37 136
37 143
37 144
37 149
37 150
37 165
37 203
37 233
37 238
37 244
37 279
37 305
37 309
37 329
37 334
37 341
37 355
37 370
37 373
37 381
37 413
37 417
37 429
37 442
37 450
37 536
37 540
37 548
37 551
37 572
37 609
37 628
37 635
37 646
37 670
37 693
37 702
37 704
37 721
37 723
37 752
37 757
37 761
37 778
37 801
37 826
37 835
37 866
37 885
37 917
37 922
37 941
37 950
37 958
37 987
38 41
38 43
38 44
38 49
38 52
38 54
38 55
38 63
38 71
38 80
38 84
38 86
38 92
38 93
38 95
38 99
38 103
38 104
38 108
38 114
38 121
38 125
38 139
38 155
38 160
38 162
38 176
38 184
38 187
38 189
38 190
38 203
38 226
38 233
38 236
38 251
38 266
38 267
38 277
38 284
38 285
38 295
38 324
38 329
38 337
38 344
38 346
38 357
38 371
38 377
38 389
38 393
38 396
38 429
38 431
38 434
38 455
38 462
38 478
38 481
38 484
38 488
38 496
38 509
38 512
38 527
38 530
38 535
38 541
38 560
38 572
38 573
38 579
38 587
38 597
38 599
38 607
38 612
38 640
38 645
38 650
38 667
38 679
38 699
38 700
38 701
38 721
38 726
38 739
38 745
38 773
38 779
38 781
38 815
38 821
38 852
38 866
38 884
38 900
38 904
38 937
38 963
38 973
38 975
39 66
39 67
39 76
39 93
39 116
39 129
39 133
39 141
39 146
39 149
39 160
39 176
39 191
39 192
39 212
39 234
39 246
39 274
39 277
39 308
39 340
39 346
39 347
39 356
39 403
39 427
39 438
39 543
39 554
39 555
39 561
39 581
39 612
39 615
39 627
39 644
39 733
39 735
39 741
39 742
39 749
39 769
39 822
39 839
39 889
39 901
39 905
39 910
39 988
40 42
40 46
40 51
40 56
40 62
40 63
40 64
40 66
40 70
40 89
40 91
40 99
40 109
40 114
40 142
40 148
40 169
40 175
40 207
40 216
40 244
40 251
40 259
40 270
40 271
40 275
40 278
40 298
40 302
40 345
40 359
40 361
40 375
40 397
40 409
40 410
40 419
40 434
40 440
40 470
40 499
40 505
40 517
40 520
40 551
40 562
40 563
40 596
40 619
40 647
40 662
40 675
40 685
40 691
40 694
40 708
40 729
40 736
40 739
40 765
40 770
40 789
40 824
40 869
40 886
40 894
40 906
40 943
40 965
40 990
41 46
41 47
41 56
41 69
41 76
41 87
41 88
41 92
41 101
41 105
41 107
41 111
41 124
41 128
41 134
41 146
41 149
41 150
41 159
41 166
41 174
41 200
41 212
41 234
41 238
41 264
41 286
41 299
41 307
41 329
41 365
41 384
41 386
41 400
41 406
41 416
41 418
41 419
41 432
41 452
41 463
41 484
41 528
41 539
41 549
41 595
41 596
41 692
41 703
41 720
41 785
41 817
41 844
41 945
42 43
42 44
42 49
42 55
42 56
42 61
42 75
42 76
42 79
42 83
42 85
42 108
42 131
42 133
42 148
42 152
42 154
42 159
42 180
42 186
42 198
42 217
42 222
42 234
42 254
42 289
42 296
42 297
42 320
42 355
42 363
42 367
42 369
42 376
42 377
42 387
42 401
42 405
42 425
42 464
42 534
42 535
42 537
42 595
42 629
42 661
42 687
42 702
42 732
42 748
42 774
42 778
42 811
42 841
42 847
42 872
42 886
42 931
42 934
42 948
42 966
42 969
42 984
42 996
42 998
43 50
43 57
43 61
43 63
43 65
43 67
43 70
43 92
43 96
43 111
43 133
43 136
43 142
43 143
43 159
43 163
43 166
43 168
43 172
43 175
43 207
43 240
43 271
43 277
43 283
43 286
43 293
43 295
43 298
43 378
43 379
43 389
43 410
43 462
43 478
43 492
43 506
43 512
43 526
43 538
43 568
43 575
43 598
43 602
43 669
43 671
43 676
43 692
43 758
43 803
43 851
43 852
43 909
43 916
43 918
43 961
43 970
44 57
44 66
44 71
44 75
44 87
44 88
44 90
44 103
44 114
44 122
44 138
44 199
44 285
44 298
44 328
44 331
44 341
44 378
44 432
44 436
44 440
44 476
44 497
44 502
44 575
44 636
44 662
44 664
44 686
44 715
45 51
45 52
45 55
45 59
45 64
45 69
45 89
45 105
45 115
45 116
45 140
45 149
45 154
45 167
45 175
45 188
45 204
45 206
45 259
45 265
45 282
45 285
45 335
45 340
45 390
45 398
45 494
45 562
45 582
45 590
45 631
45 649
45 677
45 683
45 707
45 736
45 817
45 868
45 881
45 898
45 900
45 962
46 48
46 49
46 52
46 53
46 58
46 70
46 72
46 79
46 83
46 87
46 91
46 98
46 138
46 139
46 147
46 162
46 169
46 173
46 175
46 186
46 193
46 217
46 222
46 225
46 231
46 233
46 235
46 262
46 334
46 342
46 395
46 403
46 425
46 558
46 620
46 670
46 720
46 776
46 836
46 843
46 846
46 888
46 890
46 896
46 905
46 907
46 931
46 966
46 969
46 991
47 91
47 96
47 140
47 158
47 185
47 233
47 235
47 268
47 459
47 470
47 519
47 599
47 600
47 648
47 657
47 763
47 828
47 850
47 879
47 925
47 984
48 49
48 52
48 53
48 58
48 60
48 68
48 88
48 95
48 123
48 131
48 136
48 137
48 144
48 150
48 170
48 174
48 177
48 179
48 183
48 187
48 215
48 231
48 235
48 238
48 242
48 250
48 269
48 286
48 291
48 299
48 304
48 322
48 330
48 360
48 385
48 401
48 409
48 423
48 436
48 444
48 467
48 514
48 594
48 610
48 618
48 649
48 713
48 744
48 795
48 817
48 833
48 838
48 850
48 853
48 855
48 870
48 879
48 917
48 939
48 994
48 997
48 999
49 55
49 84
49 110
49 114
49 121
49 130
49 131
49 141
49 149
49 156
49 161
49 179
49 192
49 234
49 243
49 252
49 268
49 291
49 319
49 320
49 363
49 369
49 370
49 392
49 424
49 425
49 474
49 494
49 502
49 534
49 545
49 557
49 578
49 580
49 585
49 595
49 599
49 615
49 625
49 660
49 684
49 704
49 709
49 722
49 725
49 729
49 845
49 871
49 922
49 926
49 931
49 934
49 965
49 993
49 995
49 997
50 63
50 73
50 90
50 92
50 101
50 104
50 146
50 219
50 256
50 274
50 301
50 333
50 351
50 390
50 413
50 442
50 451
50 490
50 567
50 569
50 575
50 678
50 683
50 768
51 57
51 85
51 97
51 99
51 106
51 112
51 133
51 214
51 310
51 328
51 337
51 367
51 435
51 488
51 518
51 570
51 702
51 771
51 778
51 831
51 847
51 862
51 878
52 55
52 60
52 102
52 115
52 117
52 125
52 126
52 128
52 140
52 156
52 166
52 174
52 252
52 270
52 281
52 323
52 330
52 349
52 366
52 505
52 524
52 533
52 536
52 554
52 662
52 792
52 802
52 946
52 993
52 997
53 85
53 133
53 161
53 162
53 198
53 241
53 251
53 280
53 329
53 433
53 436
53 472
53 496
53 520
53 544
53 545
53 642
53 652
53 654
53 666
53 733
53 768
53 772
53 791
53 812
53 825
53 963
54 56
54 65
54 74
54 78
54 80
54 81
54 86
54 87
54 97
54 118
54 123
54 240
54 249
54 252
54 262
54 276
54 289
54 303
54 312
54 322
54 325
54 337
54 372
54 418
54 432
54 443
54 455
54 527
54 565
54 569
54 599
54 603
54 604
54 636
54 647
54 673
54 724
54 752
54 828
54 843
54 916
54 971
54 972
55 63
55 64
55 76
55 77
55 95
55 97
55 104
55 105
55 107
55 115
55 122
55 124
55 126
55 127
55 137
55 146
55 151
55 164
55 178
55 187
55 195
55 200
55 209
55 219
55 237
55 242
55 262
55 281
55 290
55 300
55 311
55 313
55 324
55 327
55 336
55 350
55 354
55 359
55 385
55 392
55 416
55 471
55 475
55 480
55 487
55 499
55 506
55 507
55 565
55 573
55 640
55 659
55 743
55 784
55 892
55 944
55 968
55 979
56 59
56 60
56 61
56 62
56 68
56 97
56 98
56 101
56 103
56 116
56 121
56 136
56 163
56 164
56 172
56 178
56 181
56 186
56 191
56 229
56 233
56 245
56 258
56 296
56 356
56 475
56 476
56 492
56 543
56 573
56 608
56 623
56 682
56 700
56 713
56 743
56 767
56 768
56 777
56 808
56 818
56 873
56 915
56 926
56 974
57 64
57 69
57 136
57 138
57 160
57 178
57 205
57 223
57 323
57 352
57 398
57 436
57 458
57 498
57 600
57 608
57 617
57 622
57 637
57 768
57 834
57 889
57 928
58 60
58 97
58 142
58 144
58 240
58 247
58 325
58 449
58 459
58 501
58 520
58 558
58 572
58 595
58 597
58 654
58 740
58 743
58 751
58 774
59 67
59 69
59 90
59 101
59 105
59 110
59 117
59 173
59 184
59 189
59 207
59 215
59 227
59 230
59 243
59 248
59 258
59 282
59 292
59 338
59 362
59 370
59 396
59 424
59 427
59 450
59 460
59 478
59 525
59 536
59 552
59 573
59 582
59 586
59 595
59 608
59 621
59 626
59 743
59 813
59 816
59 864
59 910
59 960
59 993
60 66
60 69
60 75
60 78
60 99
60 108
60 123
60 143
60 155
60 157
60 182
60 193
60 198
60 210
60 218
60 222
60 226
60 244
60 273
60 285
60 303
60 307
60 314
60 343
60 344
60 354
60 356
60 376
60 378
60 394
60 402
60 410
60 442
60 464
60 467
60 533
60 539
60 576
60 592
60 617
60 621
60 629
60 644
60 653
60 671
60 674
60 693
60 704
60 748
60 770
60 833
60 846
60 859
60 865
60 911
60 913
60 935
60 969
61 83
61 89
61 99
61 107
61 170
61 174
61 180
61 189
61 235
61 277
61 308
61 315
61 354
61 435
61 518
61 531
61 548
61 623
61 704
61 718
61 837
61 844
61 899
62 65
62 70
62 73
62 84
62 92
62 136
62 173
62 209
62 210
62 231
62 250
62 263
62 278
62 347
62 398
62 408
62 421
62 423
62 430
62 477
62 536
62 551
62 575
62 712
62 724
62 751
62 770
62 821
62 884
62 886
62 922
62 978
63 68
63 71
63 73
63 74
63 81
63 102
63 103
63 114
63 147
63 163
63 166
63 170
63 172
63 199
63 231
63 252
63 294
63 298
63 305
63 317
63 339
63 399
63 426
63 434
63 548
63 582
63 593
63 653
63 734
63 784
63 807
63 853
63 871
63 876
63 899
63 924
63 965
64 69
64 71
64 77
64 92
64 99
64 118
64 130
64 141
64 145
64 153
64 180
64 185
64 195
64 256
64 278
64 287
64 310
64 346
64 395
64 455
64 512
64 560
64 603
64 632
64 705
64 759
64 847
64 848
64 921
65 69
65 82
65 100
65 126
65 129
65 166
65 182
65 193
65 202
65 237
65 238
65 258
65 274
65 349
65 352
65 368
65 385
65 390
65 447
65 474
65 516
65 518
65 558
65 569
65 596
65 646
65 706
65 731
65 824
65 830
65 841
65 882
65 966
66 72
66 88
66 123
66 127
66 151
66 156
66 161
66 166
66 173
66 176
66 181
66 191
66 194
66 196
66 203
66 220
66 221
66 226
66 232
66 235
66 237
66 242
66 256
66 274
66 278
66 296
66 309
66 314
66 316
66 343
66 345
66 346
66 380
66 384
66 388
66 400
66 410
66 434
66 449
66 472
66 513
66 557
66 561
66 569
66 581
66 584
66 654
66 679
66 680
66 724
66 726
66 732
66 767
66 798
66 810
66 828
66 852
66 862
66 880
66 889
66 917
66 952
66 961
66 965
67 76
67 79
67 81
67 88
67 90
67 97
67 108
67 139
67 156
67 164
67 188
67 201
67 227
67 253
67 259
67 279
67 325
67 332
67 341
67 395
67 442
67 460
67 481
67 522
67 615
67 651
67 762
67 794
67 795
67 796
67 812
67 874
67 917
67 989
68 78
68 83
68 112
68 217
68 251
68 266
68 269
68 311
68 344
68 417
68 426
68 500
68 620
68 634
68 672
68 704
68 708
68 749
68 753
68 865
68 905
68 928
68 940
68 943
69 190
69 205
69 210
69 285
69 405
69 458
69 522
69 544
69 547
69 593
69 654
69 734
69 757
69 844
69 918
69 947
69 954
70 72
70 108
70 111
70 117
70 155
70 163
70 260
70 263
70 264
70 282
70 290
70 342
70 399
70 438
70 458
70 515
70 593
70 797
70 860
70 901
70 922
70 964
71 74
71 82
71 100
71 136
71 144
71 193
71 209
71 241
71 313
71 368
71 482
71 545
71 549
71 553
71 569
71 588
71 745
71 766
71 805
71 955
71 977
71 984
71 995
72 153
72 164
72 174
72 185
72 202
72 255
72 288
72 324
72 328
72 432
72 465
72 544
72 555
72 575
72 670
72 681
72 701
72 714
72 781
72 820
72 861
72 893
73 89
73 122
73 147
73 171
73 194
73 199
73 274
73 325
73 388
73 494
73 624
74 126
74 162
74 234
74 297
74 301
74 341
74 342
74 360
74 561
74 577
74 593
74 596
74 777
74 890
74 946
74 991
75 78
75 102
75 113
75 115
75 123
75 141
75 167
75 168
75 179
75 182
75 188
75 190
75 191
75 196
75 207
75 212
75 216
75 257
75 268
75 269
75 308
75 340
75 374
75 376
75 384
75 393
75 405
75 437
75 469
75 615
75 634
75 638
75 687
75 708
75 726
75 747
75 809
75 859
75 878
75 906
75 915
75 918
75 937
75 963
76 82
76 87
76 106
76 118
76 127
76 159
76 241
76 247
76 297
76 299
76 312
76 466
76 467
76 486
76 514
76 542
76 601
76 628
76 669
76 673
76 688
76 805
76 983
77 99
77 116
77 130
77 138
77 148
77 160
77 179
77 185
77 220
77 258
77 345
77 370
77 429
77 462
77 478
77 542
77 559
77 590
77 608
77 652
77 668
77 729
77 796
77 824
77 843
77 850
77 856
77 897
77 911
77 947
77 990
78 86
78 98
78 116
78 128
78 143
78 147
78 150
78 155
78 162
78 173
78 192
78 199
78 201
78 213
78 259
78 275
78 308
78 349
78 409
78 447
78 464
78 471
78 494
78 504
78 524
78 596
78 657
78 659
78 716
78 754
78 775
78 789
78 798
78 814
78 825
78 894
78 909
78 976
79 83
79 94
79 95
79 103
79 104
79 107
79 121
79 126
79 182
79 218
79 242
79 255
79 262
79 318
79 323
79 339
79 360
79 364
79 377
79 432
79 524
79 560
79 576
79 620
79 810
79 902
79 906
79 934
80 81
80 132
80 148
80 153
80 169
80 178
80 286
80 334
80 348
80 459
80 472
80 488
80 491
80 570
80 618
80 663
80 707
80 756
80 762
80 787
80 795
80 833
80 845
80 919
80 927
80 933
81 82
81 84
81 106
81 124
81 138
81 145
81 193
81 199
81 261
81 303
81 341
81 380
81 472
81 557
81 638
81 650
81 715
81 755
81 880
81 927
82 102
82 139
82 143
82 150
82 158
82 178
82 209
82 219
82 294
82 315
82 350
82 567
82 650
82 727
82 785
82 883
82 888
82 899
83 91
83 105
83 140
83 162
83 169
83 230
83 242
83 247
83 302
83 327
83 333
83 387
83 415
83 425
83 440
83 451
83 456
83 518
83 577
83 582
83 630
83 659
83 674
83 695
83 718
83 740
83 766
83 779
83 826
83 936
83 988
84 103
84 106
84 110
84 112
84 117
84 120
84 125
84 145
84 153
84 171
84 174
84 185
84 186
84 229
84 249
84 284
84 302
84 384
84 391
84 397
84 419
84 470
84 512
84 523
84 534
84 585
84 607
84 616
84 649
84 706
84 793
84 866
84 916
84 923
85 91
85 94
85 104
85 113
85 125
85 137
85 169
85 194
85 202
85 213
85 222
85 256
85 270
85 271
85 332
85 346
85 352
85 449
85 468
85 545
85 688
85 705
85 758
85 773
85 844
85 883
85 899
85 916
85 937
85 962
86 88
86 93
86 100
86 150
86 164
86 175
86 183
86 305
86 319
86 326
86 426
86 460
86 504
86 517
86 710
86 748
86 891
87 103
87 177
87 220
87 232
87 242
87 316
87 397
87 401
87 487
87 538
87 566
87 601
87 727
87 738
87 805
88 94
88 107
88 108
88 120
88 122
88 127
88 133
88 202
88 208
88 269
88 301
88 358
88 374
88 441
88 490
88 537
88 557
88 579
88 604
88 617
88 661
88 670
88 734
88 769
88 954
89 104
89 125
89 208
89 304
89 385
89 390
89 541
89 547
89 564
89 574
89 674
89 677
89 802
89 867
89 928
89 930
89 939
90 93
90 109
90 128
90 167
90 186
90 189
90 190
90 195
90 242
90 264
90 266
90 273
90 297
90 314
90 326
90 353
90 364
90 368
90 376
90 387
90 429
90 433
90 472
90 516
90 542
90 552
90 591
90 592
90 610
90 611
90 629
90 718
90 894
90 908
90 918
91 96
91 119
91 120
91 163
91 206
91 223
91 225
91 280
91 300
91 313
91 358
91 447
91 522
91 563
91 567
91 598
91 704
91 715
91 780
91 829
91 851
91 874
91 904
91 956
92 132
92 134
92 230
92 248
92 283
92 295
92 300
92 304
92 324
92 330
92 433
92 435
92 495
92 497
92 505
92 508
92 554
92 573
92 700
92 736
92 810
92 827
92 866
92 870
92 898
92 922
92 949
93 102
93 134
93 158
93 178
93 186
93 201
93 213
93 214
93 215
93 227
93 239
93 241
93 275
93 288
93 291
93 345
93 376
93 382
93 416
93 452
93 453
93 466
93 489
93 491
93 493
93 498
93 533
93 570
93 572
93 633
93 640
93 872
93 926
93 959
93 973
94 118
94 188
94 371
94 384
94 408
94 454
94 551
94 597
94 666
94 746
94 790
95 108
95 109
95 111
95 113
95 114
95 117
95 121
95 138
95 151
95 170
95 236
95 244
95 248
95 288
95 291
95 297
95 431
95 444
95 448
95 473
95 480
95 580
95 619
95 669
95 714
95 719
95 767
95 801
95 832
95 862
95 867
95 870
95 933
95 957
96 119
96 131
96 137
96 148
96 152
96 254
96 293
96 383
96 537
96 606
96 641
96 672
96 695
96 823
96 897
96 901
96 918
96 949
96 953
97 146
97 165
97 192
97 201
97 233
97 307
97 322
97 523
97 715
97 727
97 745
98 104
98 129
98 131
98 132
98 139
98 145
98 157
98 167
98 170
98 177
98 199
98 221
98 222
98 224
98 246
98 249
98 270
98 284
98 306
98 315
98 321
98 356
98 396
98 426
98 438
98 449
98 469
98 476
98 535
98 547
98 559
98 568
98 575
98 603
98 606
98 637
98 638
98 696
98 706
98 751
98 773
98 779
98 780
98 822
98 858
98 861
98 914
98 963
99 124
99 147
99 176
99 180
99 192
99 244
99 322
99 344
99 384
99 431
99 442
99 461
99 541
99 566
99 588
99 619
99 656
99 687
99 708
99 734
99 799
99 800
99 821
99 822
99 866
99 921
99 923
99 943
99 958
99 978
99 979
100 113
100 122
100 138
100 141
100 159
100 160
100 162
100 176
100 180
100 188
100 211
100 232
100 243
100 268
100 274
100 275
100 283
100 343
100 355
100 357
100 363
100 387
100 393
100 409
100 422
100 456
100 470
100 476
100 521
100 532
100 591
100 594
100 608
100 628
100 703
100 727
100 781
100 827
100 865
100 952
101 117
101 158
101 183
101 185
101 192
101 260
101 272
101 354
101 390
101 442
101 619
101 775
101 789
102 126
102 132
102 177
102 187
102 191
102 224
102 235
102 240
102 262
102 265
102 271
102 289
102 332
102 394
102 402
102 417
102 430
102 452
102 460
102 472
102 483
102 493
102 566
102 569
102 590
102 653
102 664
102 667
102 698
102 700
102 705
102 722
102 777
102 806
102 840
102 845
102 853
102 878
102 927
102 992
103 111
103 137
103 153
103 170
103 176
103 186
103 207
103 248
103 319
103 329
103 409
103 410
103 481
103 493
103 557
103 592
103 624
103 681
103 683
103 686
103 764
103 783
103 818
103 841
103 863
103 908
103 975
103 978
104 127
104 143
104 197
104 351
104 353
104 383
104 490
104 508
104 594
104 632
104 843
105 172
105 187
105 283
105 286
105 459
105 503
105 599
105 716
105 794
105 956
106 112
106 119
106 148
106 157
106 175
106 178
106 206
106 235
106 238
106 280
106 282
106 325
106 336
106 348
106 358
106 359
106 367
106 428
106 515
106 521
106 528
106 593
106 619
106 635
106 656
106 753
106 784
106 863
106 867
107 120
107 130
107 134
107 154
107 160
107 169
107 180
107 185
107 251
107 319
107 332
107 363
107 369
107 373
107 381
107 420
107 430
107 444
107 480
107 492
107 513
107 523
107 524
107 538
107 544
107 612
107 613
107 622
107 642
107 651
107 653
107 655
107 672
107 682
107 689
107 729
107 785
107 831
107 867
107 880
107 907
107 962
107 982
108 196
108 198
108 208
108 225
108 248
108 273
108 284
108 328
108 350
108 428
108 436
108 465
108 466
108 558
108 639
108 663
108 676
108 690
108 743
108 778
108 842
108 885
108 897
108 901
109 146
109 168
109 179
109 180
109 209
109 214
109 218
109 276
109 292
109 339
109 369
109 407
109 412
109 427
109 457
109 481
109 503
109 528
109 530
109 542
109 605
109 624
109 625
109 657
109 727
109 735
109 742
109 896
109 940
109 952
109 964
110 121
110 122
110 152
110 158
110 197
110 236
110 239
110 376
110 406
110 420
110 449
110 530
110 532
110 571
110 726
110 787
110 861
110 886
110 897
110 918
110 921
110 985
111 125
111 130
111 135
111 144
111 151
111 156
111 172
111 195
111 200
111 220
111 253
111 264
111 287
111 289
111 324
111 351
111 427
111 468
111 529
111 534
111 552
111 555
111 578
111 579
111 587
111 620
111 737
111 758
111 771
111 782
111 784
111 788
111 791
111 812
111 862
111 895
111 906
111 913
111 978
111 983
112 119
112 228
112 243
112 297
112 300
112 447
112 503
112 555
112 590
112 732
112 842
112 879
112 889
112 934
113 120
113 131
113 146
113 149
113 165
113 254
113 362
113 446
113 460
113 491
113 501
113 559
113 605
113 617
113 686
113 698
113 726
113 762
113 857
113 901
113 989
113 991
114 128
114 130
114 154
114 157
114 161
114 164
114 179
114 311
114 348
114 384
114 472
114 516
114 559
114 573
114 617
114 657
114 826
114 868
114 908
115 129
115 178
115 223
115 279
115 293
115 310
115 332
115 398
115 440
115 475
115 492
115 498
115 512
115 539
115 547
115 635
115 696
115 698
115 774
115 853
115 856
115 867
115 869
115 903
116 172
116 243
116 274
116 292
116 410
116 411
116 478
116 485
116 495
116 522
116 590
116 604
116 624
116 708
116 739
116 801
116 837
116 860
116 913
116 930
117 128
117 137
117 180
117 231
117 256
117 269
117 295
117 317
117 349
117 391
117 484
117 547
117 566
117 599
117 613
117 625
117 627
117 636
117 653
117 743
117 761
117 791
117 927
117 970
118 148
118 153
118 160
118 181
118 211
118 218
118 296
118 315
118 316
118 318
118 357
118 362
118 364
118 392
118 402
118 429
118 452
118 480
118 534
118 627
118 644
118 681
118 697
118 712
118 739
118 781
118 927
119 183
119 194
119 345
119 369
119 396
119 405
119 414
119 454
119 880
120 191
120 223
120 224
120 226
120 275
120 286
120 288
120 321
120 329
120 333
120 347
120 424
120 462
120 483
120 484
120 507
120 563
120 565
120 592
120 661
120 676
120 754
120 800
120 827
120 872
120 902
120 911
120 926
120 932
121 122
121 270
121 287
121 323
121 355
121 386
121 392
121 422
121 459
121 568
121 773
121 808
121 849
121 958
121 976
122 141
122 167
122 170
122 197
122 198
122 201
122 228
122 276
122 304
122 310
122 372
122 381
122 404
122 417
122 428
122 459
122 462
122 491
122 528
122 588
122 593
122 648
122 686
122 702
122 708
122 842
122 892
122 914
122 929
122 990
123 182
123 229
123 259
123 277
123 291
123 327
123 361
123 366
123 378
123 383
123 414
123 486
123 491
123 580
123 686
123 772
123 820
123 967
124 125
124 129
124 136
124 142
124 212
124 277
124 315
124 337
124 464
124 497
124 500
124 522
124 526
124 678
124 727
124 792
124 803
124 827
124 905
124 914
124 936
124 985
124 986
125 126
125 137
125 141
125 185
125 206
125 248
125 252
125 255
125 317
125 334
125 350
125 357
125 492
125 613
125 620
125 643
125 765
125 854
125 904
125 905
125 948
125 998
126 132
126 136
126 145
126 174
126 176
126 194
126 245
126 277
126 299
126 303
126 401
126 406
126 429
126 613
126 621
126 625
126 670
126 690
126 846
126 857
126 871
126 896
126 932
126 947
127 167
127 181
127 218
127 233
127 261
127 310
127 312
127 362
127 371
127 412
127 500
127 514
127 636
127 655
127 741
127 846
127 868
127 914
127 975
128 134
128 140
128 155
128 201
128 402
128 421
128 477
128 481
128 556
128 589
128 611
128 711
128 796
128 805
128 988
129 190
129 246
129 523
129 587
129 678
129 839
129 902
130 167
130 168
130 205
130 206
130 211
130 213
130 249
130 263
130 294
130 317
130 333
130 386
130 410
130 411
130 476
130 491
130 515
130 544
130 750
130 924
130 957
131 158
131 172
131 196
131 209
131 240
131 294
131 331
131 352
131 365
131 407
131 415
131 458
131 498
131 502
131 517
131 550
131 582
131 778
131 813
131 916
131 940
131 959
131 989
132 142
132 161
132 203
132 214
132 215
132 238
132 257
132 259
132 264
132 278
132 368
132 514
132 541
132 610
132 647
132 661
132 744
132 764
132 788
132 804
132 825
132 839
132 851
132 924
132 930
132 962
132 978
133 168
133 270
133 329
133 344
133 364
133 414
133 577
133 632
133 825
133 833
133 871
134 148
134 151
134 171
134 221
134 250
134 271
134 288
134 297
134 330
134 335
134 336
134 481
134 496
134 518
134 694
134 707
134 737
134 815
134 989
135 194
135 251
135 311
135 357
135 381
135 448
135 551
135 604
135 712
135 774
135 810
135 847
136 203
136 263
136 266
136 315
136 359
136 391
136 476
136 493
136 523
136 548
136 627
136 632
136 804
136 809
136 847
136 882
136 944
136 976
137 154
137 159
137 165
137 176
137 380
137 401
137 608
137 687
137 697
137 713
137 730
137 740
137 783
137 855
138 195
138 209
138 218
138 228
138 267
138 282
138 302
138 355
138 360
138 433
138 456
138 467
138 523
138 578
138 627
138 629
138 691
138 746
139 172
139 245
139 518
139 574
139 679
139 697
139 826
140 148
140 221
140 239
140 255
140 400
140 418
140 426
140 439
140 529
140 637
140 715
140 718
140 724
140 751
140 752
140 779
140 786
141 157
141 168
141 175
141 238
141 241
141 245
141 292
141 342
141 365
141 374
141 382
141 423
141 450
141 465
141 496
141 499
141 504
141 517
141 564
141 565
141 616
141 666
141 704
141 731
141 761
141 838
141 877
141 885
141 905
142 152
142 212
142 223
142 289
142 291
142 311
142 353
142 406
142 480
142 581
142 762
142 811
142 854
142 884
142 987
143 155
143 213
143 226
143 281
143 299
143 324
143 372
143 408
143 435
143 477
143 561
143 660
143 729
143 732
143 765
143 798
143 807
144 165
144 192
144 205
144 211
144 281
144 304
144 313
144 352
144 388
144 411
144 429
144 522
144 526
144 550
144 557
144 612
144 644
144 717
144 856
144 922
144 956
145 222
145 232
145 245
145 252
145 260
145 279
145 310
145 342
145 371
145 386
145 474
145 485
145 532
145 574
145 592
145 608
145 628
145 663
145 692
145 703
145 789
145 864
145 995
146 153
146 154
146 170
146 193
146 202
146 273
146 376
146 445
146 588
146 635
146 658
146 742
146 860
146 867
146 956
147 279
147 292
147 399
147 426
147 529
147 624
147 649
147 728
147 763
147 795
147 962
148 157
148 173
148 198
148 216
148 236
148 237
148 246
148 266
148 284
148 291
148 294
148 326
148 344
148 399
148 416
148 489
148 556
148 607
148 631
148 657
148 731
148 758
148 782
148 826
148 853
148 956
149 370
149 483
149 696
150 171
150 228
150 230
150 242
150 244
150 287
150 336
150 347
150 377
150 418
150 420
150 445
150 464
150 541
150 562
150 607
150 658
150 730
150 759
150 902
150 951
151 158
151 168
151 211
151 262
151 320
151 340
151 358
151 390
151 461
151 535
151 594
151 617
151 624
151 689
151 891
151 939
152 200
152 219
152 229
152 241
152 280
152 309
152 315
152 343
152 367
152 384
152 391
152 401
152 402
152 441
152 459
152 467
152 498
152 500
152 537
152 582
152 655
152 730
152 982
153 164
153 168
153 250
153 365
153 398
153 424
153 614
153 668
153 823
153 859
153 963
153 979
154 165
154 221
154 231
154 249
154 265
154 306
154 324
154 345
154 372
154 407
154 428
154 441
154 446
154 508
154 540
154 549
154 637
154 663
154 689
154 715
154 812
154 854
154 863
154 867
154 868
154 869
154 891
154 907
154 911
154 921
155 184
155 214
155 225
155 253
155 261
155 312
155 321
155 374
155 427
155 442
155 485
155 546
155 578
155 623
155 754
155 821
155 997
156 375
156 490
156 503
156 516
156 593
156 600
156 615
156 663
156 749
156 857
156 999
157 549
157 571
157 667
157 690
157 820
157 873
157 875
157 908
157 988
158 188
158 199
158 200
158 217
158 238
158 253
158 268
158 270
158 278
158 328
158 422
158 443
158 479
158 537
158 559
158 562
158 584
158 665
158 733
158 919
158 969
159 162
159 165
159 175
159 208
159 211
159 234
159 241
159 336
159 339
159 377
159 447
159 478
159 482
159 499
159 582
159 612
159 659
159 762
159 863
159 923
159 939
159 982
160 386
160 399
160 437
160 561
160 671
160 680
160 699
160 720
160 723
160 729
160 752
160 766
160 793
160 804
160 882
160 887
161 203
161 214
161 226
161 227
161 264
161 285
161 287
161 332
161 347
161 422
161 440
161 455
161 506
161 507
161 549
161 602
161 691
161 753
161 765
161 978
162 192
162 197
162 269
162 307
162 331
162 368
162 370
162 407
162 452
162 477
162 626
162 653
162 677
162 699
162 755
162 779
162 821
162 951
162 975
162 982
163 164
163 189
163 198
163 259
163 265
163 273
163 304
163 314
163 397
163 415
163 451
163 471
163 480
163 554
163 666
163 690
163 780
163 888
163 999
164 210
164 303
164 326
164 327
164 450
164 489
164 509
164 550
164 566
164 577
165 213
165 232
165 246
165 290
165 309
165 403
165 406
165 439
165 447
165 466
165 514
165 637
165 647
165 671
165 744
165 757
165 758
165 782
165 789
165 874
166 205
166 208
166 298
166 320
166 357
166 454
166 502
166 506
166 571
166 631
166 644
166 648
166 799
166 809
166 838
166 869
166 934
166 950
167 168
167 174
167 183
167 348
167 361
167 382
167 450
167 547
167 646
167 736
167 752
167 842
167 936
168 171
168 198
168 208
168 231
168 253
168 338
168 364
168 430
168 528
168 628
168 637
168 690
168 727
168 765
168 821
168 889
168 895
168 947
169 181
169 182
169 233
169 235
169 253
169 272
169 362
169 381
169 568
169 576
169 583
169 659
169 717
169 724
169 736
169 834
169 853
169 943
169 950
170 214
170 222
170 223
170 322
170 392
170 445
170 469
170 567
170 570
170 583
170 631
170 704
170 788
170 819
171 233
171 364
171 402
171 438
171 485
171 556
171 573
171 630
171 644
171 697
171 784
171 844
171 872
171 942
172 352
172 420
172 477
172 554
172 607
172 616
172 632
172 801
172 807
172 815
172 925
172 950
173 253
173 257
173 263
173 284
173 310
173 453
173 504
174 190
174 193
174 299
174 335
174 446
174 490
174 535
174 698
174 905
175 189
175 211
175 215
175 221
175 254
175 258
175 361
175 372
175 407
175 757
175 844
175 869
175 912
176 182
176 290
176 308
176 475
176 553
176 667
176 891
177 194
177 227
177 229
177 231
177 318
177 331
177 386
177 457
177 464
177 478
177 529
177 627
177 657
177 819
177 925
178 186
178 197
178 335
178 396
178 463
178 473
178 476
178 516
178 547
178 740
178 805
178 815
178 848
178 896
178 953
178 980
179 224
179 314
179 333
179 346
179 557
179 613
179 618
179 675
179 695
179 845
179 922
179 991
180 214
180 338
180 346
180 434
180 441
180 455
180 500
180 597
180 668
180 680
180 698
180 976
181 224
181 407
181 443
181 478
181 493
181 597
181 598
181 611
181 625
181 699
181 711
181 719
181 757
181 993
182 257
182 278
182 455
182 598
182 600
182 619
182 660
182 875
183 210
183 227
183 246
183 263
183 265
183 295
183 326
183 334
183 348
183 366
183 415
183 469
183 519
183 640
183 663
183 668
183 725
183 740
183 762
183 883
183 999
184 197
184 251
184 261
184 306
184 365
184 369
184 388
184 402
184 425
184 520
184 623
184 652
184 728
184 831
184 925
185 189
185 193
185 326
185 361
185 371
185 386
185 417
185 453
185 507
185 532
185 591
185 599
185 817
186 196
186 206
186 236
186 257
186 269
186 483
186 492
186 495
186 498
186 560
186 647
186 656
186 685
186 687
186 693
186 855
186 953
186 997
187 268
187 315
187 373
187 433
187 525
187 747
187 790
187 843
187 859
188 196
188 204
188 385
188 750
188 803
188 891
188 950
189 217
189 219
189 220
189 255
189 269
189 276
189 305
189 308
189 312
189 318
189 334
189 354
189 399
189 417
189 420
189 443
189 490
189 517
189 550
189 568
189 589
189 605
189 622
189 629
189 633
189 683
189 711
189 757
189 849
189 850
189 853
189 880
189 927
189 930
189 937
189 948
189 969
189 995
190 225
190 230
190 237
190 249
190 255
190 293
190 333
190 352
190 360
190 430
190 506
190 640
190 660
190 707
190 732
190 742
190 744
190 761
191 219
191 238
191 241
191 250
191 258
191 272
191 287
191 296
191 351
191 431
191 434
191 435
191 680
191 733
191 772
191 834
191 894
192 417
192 521
192 530
192 587
192 932
193 212
193 237
193 238
193 246
193 259
193 260
193 275
193 285
193 310
193 342
193 389
193 418
193 428
193 448
193 614
193 616
193 706
193 787
193 830
193 956
193 994
194 200
194 205
194 264
194 297
194 311
194 331
194 338
194 380
194 389
194 404
194 498
194 503
194 524
194 598
194 616
194 655
194 719
194 814
194 890
194 978
195 231
195 286
195 307
195 324
195 440
195 466
195 491
195 510
195 849
196 204
196 216
196 313
196 351
196 564
196 609
196 732
196 763
196 837
196 840
196 965
197 204
197 216
197 263
197 264
197 298
197 307
197 323
197 438
197 513
197 595
197 681
197 711
197 799
197 936
197 981
198 209
198 355
198 370
198 390
198 509
198 551
198 602
198 699
198 924
198 967
199 257
199 276
199 306
199 319
199 430
199 436
199 495
199 499
199 511
199 562
199 623
199 634
199 742
199 763
199 791
199 920
199 929
199 977
200 233
200 247
200 261
200 272
200 337
200 370
200 381
200 391
200 462
200 501
200 552
200 590
200 598
200 611
200 699
200 711
200 742
200 755
200 761
200 928
201 239
201 243
201 282
201 348
201 363
201 424
201 533
201 605
201 614
201 704
201 709
201 723
201 758
201 797
202 234
202 235
202 245
202 308
202 334
202 351
202 413
202 461
202 470
202 574
202 622
202 651
202 726
202 760
202 809
202 877
202 943
202 967
203 210
203 250
203 402
203 519
203 642
203 757
203 857
204 221
204 271
204 284
204 411
204 466
204 531
204 627
204 657
204 723
204 724
204 739
204 820
204 855
204 926
205 220
205 249
205 266
205 280
205 309
205 313
205 335
205 355
205 358
205 482
205 511
205 597
205 655
205 665
205 679
205 716
205 749
205 750
205 864
205 873
205 881
205 919
205 926
205 944
205 982
205 999
206 215
206 246
206 267
206 275
206 365
206 584
206 668
206 734
206 830
206 872
206 942
207 250
207 321
207 400
207 453
207 503
207 787
207 805
207 830
207 929
208 244
208 267
208 282
208 317
208 373
208 394
208 420
208 473
208 482
208 544
208 671
208 673
208 688
208 695
208 745
208 836
208 922
208 951
208 977
208 979
209 265
209 280
209 288
209 302
209 331
209 383
209 395
209 542
209 545
209 595
209 679
209 748
209 846
209 942
210 223
210 272
210 281
210 312
210 382
210 478
210 494
210 565
210 689
210 763
210 764
210 940
211 258
211 290
211 525
211 573
211 711
211 809
211 838
211 930
212 215
212 271
212 290
212 369
212 408
212 419
212 465
212 544
212 612
212 731
212 744
212 957
212 994
213 227
213 280
213 306
213 321
213 370
213 465
213 506
213 518
213 629
213 651
213 680
213 984
214 244
214 305
214 369
214 381
214 400
214 448
214 709
214 722
214 859
214 878
214 924
215 228
215 229
215 313
215 316
215 335
215 341
215 368
215 375
215 379
215 428
215 431
215 444
215 463
215 479
215 539
215 602
215 648
215 782
215 787
215 876
215 979
215 991
216 226
216 240
216 257
216 273
216 367
216 446
216 810
216 959
217 226
217 251
217 266
217 278
217 298
217 320
217 397
217 398
217 426
217 428
217 465
217 509
217 564
217 590
217 640
217 767
217 797
217 967
218 219
218 326
218 341
218 437
218 439
218 468
218 489
218 527
218 535
218 676
218 707
218 892
219 231
219 370
219 416
219 464
219 601
219 672
219 685
219 756
219 904
219 936
220 227
220 289
220 312
220 320
220 350
220 388
220 525
220 577
220 714
220 835
220 897
220 951
220 999
221 256
221 317
221 350
221 359
221 594
221 712
221 745
221 770
221 994
222 360
222 416
222 622
222 730
222 770
222 795
222 823
222 985
223 245
223 250
223 288
223 309
223 419
223 421
223 453
223 466
223 508
223 645
223 654
223 661
223 808
223 818
223 838
223 917
223 961
224 228
224 237
224 258
224 262
224 266
224 286
224 336
224 395
224 467
224 514
224 688
224 792
225 261
225 267
225 275
225 299
225 338
225 340
225 361
225 393
225 414
225 438
225 472
225 640
225 731
225 904
225 957
225 960
225 967
226 286
226 301
226 333
226 386
226 446
226 530
226 552
226 581
226 608
226 622
226 768
226 808
226 894
226 977
227 268
227 292
227 321
227 444
227 508
227 724
227 964
227 988
228 292
228 379
228 435
228 581
228 631
228 806
229 243
229 322
229 394
229 407
229 508
229 955
230 262
230 267
230 276
230 312
230 331
230 349
230 401
230 459
230 462
230 520
230 533
230 637
230 665
230 750
230 832
230 955
231 378
231 408
231 423
231 457
231 571
231 944
231 987
232 293
232 301
232 371
232 384
232 392
232 394
232 446
232 473
232 572
232 593
232 630
232 772
232 832
232 848
232 941
233 336
233 374
233 473
233 721
233 768
233 858
233 921
233 934
234 325
234 349
234 366
234 414
234 551
234 656
234 718
234 871
234 877
234 925
234 941
235 237
235 351
235 437
235 539
235 578
235 682
235 782
235 800
235 832
235 870
235 907
235 919
235 946
235 981
236 308
236 447
236 486
236 504
236 604
236 659
236 666
237 375
237 377
237 381
237 475
237 658
237 796
237 921
237 963
237 994
238 334
238 440
238 462
238 481
238 483
238 526
238 553
238 632
238 648
238 656
238 864
238 997
238 998
239 293
239 416
239 530
239 538
239 556
239 650
239 697
239 924
239 932
239 985
240 361
240 403
240 463
240 598
240 675
240 708
240 717
240 744
240 790
240 829
240 849
241 381
241 610
241 890
241 933
241 989
242 283
242 383
242 516
242 540
242 579
242 606
242 618
242 694
242 734
243 248
243 296
243 321
243 339
243 401
243 433
243 540
243 561
243 591
243 594
243 647
243 730
243 786
243 827
243 857
243 903
243 906
243 937
243 958
244 444
244 455
244 554
244 560
244 596
244 718
244 720
244 860
244 869
245 307
245 361
245 412
245 451
245 678
245 749
245 786
245 802
246 272
246 279
246 344
246 419
246 429
246 450
246 565
246 836
246 899
246 952
247 273
247 290
247 361
247 389
247 442
247 549
247 715
247 865
247 873
247 884
248 287
248 299
248 305
248 309
248 411
248 458
248 502
248 519
248 625
248 646
248 719
248 902
248 909
248 945
249 473
249 475
249 595
249 683
249 907
249 992
250 296
250 395
250 431
250 461
250 654
250 701
250 719
250 882
251 354
251 359
251 380
251 515
251 548
251 585
251 668
251 717
251 769
251 935
251 986
252 338
252 522
252 573
252 586
252 669
252 719
252 732
252 952
253 260
253 320
253 347
253 363
253 425
253 629
253 655
253 668
253 817
253 831
254 455
254 456
254 474
254 610
254 663
254 876
254 886
254 995
255 261
255 265
255 318
255 354
255 366
255 393
255 399
255 433
255 437
255 490
255 508
255 534
255 684
255 693
255 735
255 868
256 263
256 282
256 313
256 418
256 429
256 513
256 529
256 539
256 595
256 643
256 645
256 681
256 686
256 797
256 839
256 953
256 954
257 268
257 290
257 295
257 348
257 398
257 716
257 760
257 762
257 782
257 799
257 925
258 289
258 359
258 402
258 403
258 426
258 451
258 513
258 551
258 981
258 984
258 988
259 318
259 412
259 444
259 541
259 575
259 585
259 592
259 641
259 679
259 712
259 807
259 812
259 857
259 930
260 261
260 291
260 304
260 374
260 404
260 570
260 697
260 768
260 955
261 284
261 300
261 328
261 343
261 372
261 395
261 541
261 639
261 682
261 694
261 701
261 712
261 781
261 787
261 817
261 873
262 301
262 367
262 388
262 422
262 600
262 608
262 616
262 761
263 271
263 528
263 532
263 653
263 674
263 793
263 887
264 274
264 308
264 317
264 479
264 513
264 609
264 654
264 837
264 841
264 911
265 270
265 581
265 678
265 720
265 849
265 898
265 910
265 950
266 411
266 423
266 793
266 858
266 869
266 887
266 970
266 976
267 314
267 414
267 486
267 556
267 645
267 664
267 665
267 898
268 419
268 453
268 511
268 543
268 583
268 589
268 719
268 898
269 289
269 316
269 325
269 462
269 560
269 638
269 665
269 796
269 907
269 943
269 995
270 306
270 365
270 576
270 815
270 822
270 856
270 899
271 712
271 726
271 790
271 880
271 904
271 906
272 294
272 336
272 357
272 403
272 443
272 460
272 559
272 602
272 632
272 665
272 686
272 689
272 818
272 906
272 961
273 363
273 367
273 506
273 585
273 603
273 725
273 766
273 801
273 986
274 300
274 412
274 416
274 467
274 673
274 684
274 955
275 310
275 367
275 427
275 436
275 497
275 684
275 776
275 788
275 898
276 279
276 311
276 317
276 347
276 383
276 435
276 473
276 474
276 525
276 540
276 653
276 662
276 705
276 716
276 753
276 966
276 971
277 443
277 445
277 715
277 798
277 811
278 351
278 376
278 415
278 421
278 484
278 562
278 566
278 738
278 807
278 854
278 933
279 358
279 372
279 479
279 675
279 791
279 873
279 924
280 490
280 493
280 560
280 584
280 634
280 666
280 820
281 317
281 339
281 438
281 475
281 505
281 524
281 600
281 696
281 745
281 812
281 896
281 986
281 987
282 335
282 380
282 395
282 709
282 812
283 287
283 339
283 362
283 535
283 561
283 564
283 605
283 643
283 685
283 814
284 332
284 403
284 438
284 474
284 483
284 531
284 601
284 604
284 691
284 732
285 495
285 713
285 776
285 858
285 947
286 325
286 771
286 909
286 972
287 363
287 502
287 588
287 800
287 937
287 994
288 320
288 475
288 480
288 676
290 321
290 622
290 707
290 764
290 991
291 294
291 340
291 391
291 476
291 809
291 947
292 396
292 454
292 471
292 485
292 533
292 802
292 836
292 840
292 901
292 967
292 983
293 404
293 645
293 768
293 939
294 626
294 895
295 305
295 357
295 399
295 402
295 419
295 427
295 634
295 723
295 772
296 323
296 849
296 958
297 300
297 337
297 383
297 496
297 530
297 547
297 615
297 754
297 755
297 802
298 422
298 423
298 487
298 509
298 526
298 579
298 929
299 322
299 399
299 456
299 619
299 813
299 817
300 333
300 385
300 431
300 479
300 570
300 663
300 693
300 731
300 752
300 757
300 808
300 892
301 307
301 476
301 541
301 662
301 679
301 769
301 820
301 846
302 356
302 394
302 397
302 414
302 415
302 436
302 470
302 487
302 496
302 546
302 550
302 584
302 637
302 706
302 787
302 818
302 830
302 857
302 882
302 955
303 316
303 365
303 483
303 488
303 492
303 572
303 630
303 707
303 845
303 920
304 422
304 537
304 550
304 671
304 730
304 854
304 908
305 330
305 379
305 434
305 444
305 527
305 546
305 559
305 568
305 714
305 721
305 750
305 776
305 973
306 415
306 741
306 832
306 958
307 385
307 499
307 583
307 620
307 701
307 767
307 955
308 377
308 549
308 655
308 761
308 798
309 456
309 489
309 521
309 735
309 822
309 937
309 972
310 327
310 352
310 399
310 413
310 591
310 765
310 818
310 874
310 981
311 321
311 342
311 409
311 452
311 511
311 604
311 615
311 618
311 920
312 349
312 393
312 451
312 680
312 717
313 359
313 486
313 499
313 787
313 980
313 996
314 448
314 479
314 516
314 519
314 540
314 620
314 852
314 872
314 996
315 376
315 407
315 543
315 544
315 830
315 897
315 949
316 350
316 366
316 421
316 449
316 554
316 722
316 841
316 893
316 938
317 409
317 421
317 432
317 570
317 591
317 736
317 795
317 828
317 977
318 353
318 633
318 652
318 831
319 335
319 368
319 432
319 517
319 649
319 657
319 672
319 697
319 850
319 895
319 968
320 358
320 386
320 441
320 458
320 682
320 724
320 750
320 955
320 978
321 324
321 348
321 456
321 465
321 545
321 642
321 650
321 700
321 710
321 763
321 816
322 410
322 551
322 558
322 570
322 583
322 613
322 644
322 666
322 789
322 848
323 353
323 371
323 412
323 623
323 710
323 719
323 875
324 373
324 431
324 556
324 786
324 811
324 862
324 947
325 330
325 332
325 529
325 652
325 772
325 815
325 890
326 433
326 437
326 454
326 723
326 819
326 910
326 949
326 953
327 342
327 362
327 393
327 456
327 485
327 666
327 675
327 695
327 737
327 745
327 747
327 811
327 933
327 961
327 965
327 972
328 477
328 483
328 527
328 687
328 692
328 749
328 948
329 389
329 435
329 576
329 912
330 391
330 413
330 547
330 549
330 566
330 586
330 747
330 748
330 806
331 429
331 432
331 519
331 550
331 736
331 753
331 893
332 598
332 753
332 879
333 346
333 398
333 417
333 421
333 437
333 477
333 520
333 553
333 569
333 578
333 642
333 688
333 703
333 784
333 849
333 946
334 405
334 492
334 552
334 598
334 672
334 797
334 951
335 420
335 461
335 604
335 622
335 718
335 806
335 895
335 958
335 978
335 981
336 467
336 579
336 621
336 898
336 951
336 979
337 382
337 421
337 590
337 652
337 678
337 938
337 970
337 996
338 457
338 510
338 626
338 693
338 711
338 816
339 389
339 404
339 417
339 423
339 474
339 534
339 585
339 609
339 645
339 678
339 721
339 875
340 358
340 577
340 589
340 636
340 640
340 692
340 747
340 780
340 796
340 906
340 979
340 991
341 365
341 400
341 494
341 497
341 528
341 641
341 659
341 691
341 741
341 753
341 771
341 804
341 807
341 829
341 866
342 461
342 521
342 682
342 828
342 881
342 990
343 348
343 367
343 391
343 532
343 552
343 744
343 758
343 957
343 982
344 454
344 554
344 601
344 767
344 793
344 819
344 904
344 924
344 952
345 354
345 471
345 702
345 710
345 717
345 746
345 864
345 870
345 888
345 929
346 388
346 501
346 543
346 618
346 627
346 683
346 729
347 481
347 489
347 584
347 599
347 670
347 813
347 874
347 886
347 978
348 485
348 503
348 741
348 822
349 413
349 418
349 536
349 553
349 648
349 924
350 527
350 567
350 717
350 754
350 791
350 824
351 460
351 489
351 614
352 374
352 606
352 718
352 796
352 865
352 887
353 380
353 431
353 455
353 504
353 558
353 567
353 603
353 778
353 923
353 929
354 408
354 440
354 451
354 518
354 545
354 579
354 591
354 633
354 694
354 711
354 790
355 430
355 446
355 469
355 495
355 572
355 799
355 883
356 383
356 525
356 568
356 837
356 877
357 375
357 456
357 465
357 624
357 734
357 782
357 973
358 378
358 413
358 563
358 625
358 681
358 738
358 755
359 749
360 541
360 738
360 965
360 974
361 367
361 398
361 423
361 643
361 644
361 714
361 754
361 900
361 902
362 875
363 365
363 521
363 543
363 687
363 859
363 905
363 929
364 412
364 441
364 504
364 544
364 560
364 612
364 783
365 494
365 535
365 582
365 807
366 577
366 722
366 812
366 819
366 917
367 379
367 619
367 705
367 759
367 771
367 908
368 369
368 441
368 517
368 597
368 633
368 785
368 858
368 933
369 397
369 452
369 567
369 576
369 629
369 643
369 800
369 845
370 380
370 469
370 628
370 755
370 794
370 887
371 511
371 542
371 563
371 591
371 641
371 720
371 792
371 973
372 405
372 439
372 458
372 500
372 542
372 592
372 597
372 848
373 378
373 443
373 611
373 753
373 875
373 897
374 392
374 420
374 583
374 675
374 708
374 785
374 802
374 855
375 392
375 470
375 521
375 526
375 731
375 953
376 569
376 826
376 885
376 912
377 458
377 601
377 848
378 381
378 453
378 600
378 634
379 454
379 484
379 493
379 523
379 560
379 733
379 735
379 774
380 413
380 847
381 565
381 625
381 835
381 888
382 567
382 738
382 991
383 422
383 445
383 853
383 967
384 439
384 473
384 486
384 498
384 505
384 546
384 579
384 614
384 703
384 799
384 818
384 823
384 971
385 469
385 555
385 637
385 652
385 671
385 683
385 911
386 390
386 496
386 523
386 577
386 580
386 604
386 714
387 500
387 589
387 597
387 616
387 933
388 572
388 661
388 723
388 745
388 756
388 814
388 931
389 444
389 528
389 694
389 776
389 966
390 391
390 397
390 448
390 652
390 677
390 863
390 870
391 772
391 787
391 829
391 846
392 394
392 404
392 484
392 491
392 583
392 709
392 772
392 921
392 983
393 470
393 530
393 974
395 434
395 636
395 746
395 836
395 841
395 908
396 400
396 537
396 570
396 588
396 623
396 807
396 837
396 901
396 995
398 400
398 472
398 474
398 591
398 609
398 646
398 827
398 874
399 461
399 589
399 663
400 448
400 551
400 869
401 411
401 450
401 460
401 488
401 501
401 623
401 696
401 728
401 778
402 414
402 419
402 463
402 504
402 669
402 721
402 759
402 971
403 502
403 593
403 771
403 811
403 852
403 873
403 907
404 589
404 613
404 630
404 871
404 967
404 996
404 997
405 509
405 603
405 676
405 700
405 740
405 790
406 439
406 487
406 516
406 799
407 461
407 527
407 538
407 756
407 881
408 515
408 540
408 811
408 990
409 574
409 584
409 794
409 859
409 884
410 512
410 588
410 618
410 677
411 421
411 438
411 457
411 515
411 862
411 886
412 477
412 513
413 432
413 511
413 556
413 566
413 981
414 485
414 527
414 555
414 611
414 689
414 747
414 760
414 813
415 510
415 639
415 718
415 827
416 464
416 497
416 554
416 561
416 612
416 680
416 682
417 474
417 728
418 785
418 870
418 892
418 918
418 983
419 912
420 480
420 713
420 971
421 523
421 689
422 460
422 533
422 594
422 763
423 489
423 880
423 957
424 806
425 516
425 605
425 877
426 482
426 522
426 550
426 596
426 626
426 715
426 746
426 760
427 679
427 878
427 933
428 465
428 590
428 600
428 628
428 639
428 642
428 706
428 744
428 800
428 875
428 914
428 928
428 934
429 720
429 730
429 862
429 911
429 983
430 436
430 466
430 495
430 536
430 554
430 650
430 709
430 743
430 852
431 528
431 674
431 717
431 725
431 832
431 919
431 923
432 602
432 606
432 684
432 686
432 788
432 834
432 910
432 912
432 934
433 490
433 653
433 676
433 701
433 773
433 950
434 486
434 582
434 655
434 825
434 873
434 897
434 901
434 910
434 946
435 571
435 871
435 968
436 473
436 504
436 651
436 669
436 754
436 781
436 828
437 555
437 645
437 803
437 809
437 981
438 446
438 469
438 618
438 634
439 451
439 462
439 568
439 675
439 698
439 786
440 488
440 611
440 614
440 675
440 861
441 651
441 824
441 862
442 558
442 674
442 690
442 850
442 858
442 941
442 988
443 496
443 503
443 519
443 683
443 684
444 686
444 728
444 884
445 518
445 542
445 557
445 620
445 783
445 880
445 982
445 992
446 463
446 595
446 610
446 635
446 636
446 669
446 985
447 451
447 520
447 855
448 515
448 702
448 820
448 923
449 488
449 722
449 746
449 825
449 975
450 515
450 559
450 919
451 490
451 493
451 494
451 503
451 525
451 526
451 667
451 714
451 776
451 908
451 957
452 499
452 507
452 663
452 839
452 840
452 945
452 994
453 466
453 468
453 497
453 500
453 547
453 573
453 779
453 831
453 875
453 899
453 968
454 486
454 550
454 725
454 871
454 956
455 456
455 711
455 749
455 766
455 813
455 816
456 538
456 589
456 874
456 925
457 477
457 876
458 488
458 647
458 682
458 766
458 915
459 552
459 586
459 616
459 776
459 804
459 883
460 505
460 576
460 613
460 994
460 998
461 468
461 512
461 534
461 587
461 592
461 615
461 664
461 863
461 960
462 664
462 697
462 918
463 532
463 780
463 853
463 861
463 901
464 538
464 607
464 789
464 900
464 936
464 965
465 471
465 719
465 720
465 842
465 934
466 520
466 546
466 727
466 821
467 907
467 943
468 520
468 585
468 609
468 824
468 947
468 960
468 977
468 984
469 563
469 622
469 645
469 714
469 795
469 941
470 479
470 561
470 680
471 662
471 801
471 900
473 564
473 584
473 725
474 489
474 537
474 546
474 690
474 773
475 564
475 690
476 829
477 483
477 600
477 747
477 770
478 497
478 586
478 638
478 778
478 973
479 661
479 728
479 895
480 617
480 648
480 667
480 744
481 541
481 658
481 700
481 942
482 671
482 682
483 501
483 793
484 744
484 794
485 732
485 777
486 566
486 623
486 717
486 896
486 909
487 640
487 783
487 919
487 959
488 509
488 828
488 889
489 558
489 636
489 708
490 672
490 773
490 864
490 952
491 625
491 723
491 959
492 539
492 564
492 673
492 685
492 767
492 991
493 563
493 716
494 610
494 634
494 662
494 695
494 713
494 751
494 985
495 566
495 658
495 669
495 873
496 511
496 574
496 701
497 625
497 852
497 881
497 941
498 500
499 522
499 529
500 506
500 577
500 705
500 781
500 803
500 807
500 900
501 510
501 517
501 588
501 638
501 691
501 753
501 895
502 558
502 769
502 775
502 867
503 601
503 777
503 823
504 511
504 585
504 737
504 764
504 913
505 715
505 999
506 610
506 761
506 984
507 629
507 802
507 852
507 948
508 588
508 725
509 524
509 530
509 545
509 670
509 828
509 961
510 546
510 580
510 770
510 902
510 913
510 942
511 642
511 643
512 543
512 606
512 737
512 823
512 885
512 989
513 546
513 666
513 893
513 979
513 991
514 747
515 531
515 596
515 691
515 820
515 963
516 621
516 683
516 706
517 630
517 687
517 806
517 819
517 928
518 525
518 538
518 587
518 639
518 710
518 795
518 896
518 971
519 909
520 635
520 678
520 809
520 949
520 962
520 998
521 546
521 956
522 688
522 973
523 729
524 584
524 621
524 639
524 646
524 664
524 830
525 599
525 616
526 725
526 844
526 903
526 904
526 912
527 587
527 775
527 816
527 907
527 909
527 986
528 545
528 575
528 852
528 860
528 891
528 954
529 709
529 896
529 987
530 532
530 673
530 756
530 819
530 861
531 881
531 914
532 646
532 756
532 827
534 656
534 664
534 717
534 756
534 777
534 781
534 835
534 842
535 555
535 574
535 848
535 976
536 549
537 586
537 659
538 586
538 688
538 733
538 747
538 755
539 624
539 800
539 832
539 964
540 604
540 638
540 828
540 935
541 783
542 586
542 723
542 843
542 943
543 695
543 702
543 841
543 920
543 969
544 602
544 626
544 734
545 838
547 665
547 703
547 796
547 869
548 692
548 948
549 765
550 556
550 824
550 835
551 563
551 574
551 585
551 695
551 816
551 888
551 910
552 556
552 774
552 838
552 877
552 971
553 734
553 786
554 606
554 615
554 626
554 661
554 703
554 859
555 605
555 767
556 581
558 752
559 693
559 761
559 776
559 986
560 674
561 591
561 619
561 877
561 938
561 990
562 628
562 630
562 664
562 669
562 688
562 880
562 912
562 940
563 709
564 601
564 774
564 779
564 949
565 666
565 700
566 660
566 741
566 790
567 739
567 926
568 777
568 935
568 938
569 640
569 699
569 706
569 722
569 767
569 845
569 846
569 894
569 901
570 728
570 836
570 893
571 636
571 777
571 801
571 815
571 883
571 914
572 806
572 829
572 884
572 975
572 994
573 852
573 903
573 968
574 648
574 692
574 698
574 707
574 805
575 577
576 583
576 835
576 917
577 822
577 848
578 664
578 681
578 831
578 876
578 895
579 606
579 627
579 631
579 657
579 815
579 821
580 599
581 689
581 693
583 689
584 646
584 841
584 957
584 980
585 639
585 641
585 902
586 618
586 637
586 732
586 993
587 614
587 644
587 939
587 983
589 594
589 750
589 754
589 962
591 704
591 856
592 891
593 605
593 809
593 835
595 635
595 664
595 791
595 844
595 950
596 645
596 694
596 700
596 784
597 627
597 639
597 713
597 802
597 857
598 630
598 738
598 754
598 823
598 936
599 669
599 681
599 800
599 893
600 649
600 759
600 872
601 614
601 766
602 733
602 955
603 695
603 706
603 833
603 922
603 968
604 961
604 981
605 710
605 769
605 903
606 682
606 793
606 800
606 950
606 957
607 668
607 722
607 856
608 951
608 970
608 977
610 774
610 805
610 964
611 614
611 692
611 712
611 885
611 942
612 672
612 801
612 866
612 896
612 935
612 972
613 729
614 916
615 698
615 795
615 797
616 786
617 834
617 915
618 672
618 900
619 773
620 810
620 836
621 731
621 782
621 963
622 643
622 667
622 874
623 804
625 656
625 958
626 685
626 721
626 820
626 885
627 786
627 932
628 696
628 775
628 903
629 749
629 780
629 920
629 940
630 759
630 864
630 985
632 652
632 658
632 701
632 709
632 863
632 876
632 954
633 668
633 954
633 973
634 766
634 911
635 688
635 694
635 696
635 698
636 673
636 741
636 752
636 938
637 676
637 803
637 844
637 968
638 751
639 829
639 887
640 690
640 691
640 822
640 881
641 742
641 777
641 898
642 683
642 835
642 996
643 976
643 988
645 769
645 968
646 808
646 817
647 653
647 974
648 716
648 848
649 670
649 749
649 841
649 903
649 939
649 989
650 999
651 738
651 927
652 748
652 834
652 882
652 903
652 964
653 945
654 816
654 946
655 834
655 858
656 797
656 823
656 927
657 760
659 684
661 785
661 810
661 903
663 701
663 742
663 797
663 911
664 879
664 883
665 735
665 756
665 977
668 680
668 762
668 810
669 672
670 674
674 685
674 917
674 928
675 737
675 888
675 943
676 773
676 815
676 832
676 879
676 966
678 703
678 975
679 840
680 770
680 803
680 813
680 825
680 833
680 848
681 709
681 764
681 779
681 783
681 947
682 770
682 775
682 808
682 821
682 826
682 995
683 713
683 772
683 816
683 912
684 811
684 951
685 697
685 788
685 845
685 973
686 747
686 748
688 736
688 739
688 757
689 705
689 866
690 705
690 712
690 812
690 917
690 930
690 965
691 847
691 933
691 942
692 887
693 804
694 799
695 710
695 782
696 733
697 998
698 900
699 768
699 858
699 970
700 751
700 783
700 864
701 814
701 816
701 861
702 781
703 913
703 930
704 739
704 743
704 828
704 830
705 942
705 983
706 792
706 804
707 775
708 810
708 829
708 838
709 966
710 723
711 933
712 753
712 799
712 919
714 971
715 792
715 915
716 819
716 881
717 746
717 748
717 836
717 931
717 975
718 762
718 800
718 929
718 980
719 984
719 992
720 788
721 814
721 857
721 864
721 990
722 845
722 954
723 910
723 954
724 737
724 831
724 878
725 872
725 883
725 887
725 936
726 736
726 770
726 878
726 888
726 964
726 990
726 998
728 834
728 939
729 988
729 992
730 820
730 907
732 998
733 794
733 839
734 796
736 769
736 790
736 797
736 986
737 972
738 862
739 909
739 940
741 759
741 843
741 960
742 743
743 763
745 814
745 849
745 866
745 883
745 927
747 953
748 847
749 775
749 785
749 824
749 896
749 997
750 889
750 940
750 969
750 993
751 856
752 764
752 775
752 858
753 817
753 953
755 881
755 979
756 803
757 812
757 827
757 914
757 973
758 836
758 906
758 920
761 940
762 980
763 808
763 955
763 964
766 841
766 960
766 976
767 968
769 792
769 833
770 771
770 784
770 814
770 884
770 893
771 826
772 798
772 982
773 789
776 880
777 846
777 851
778 863
778 877
778 890
778 892
779 873
780 874
780 906
781 860
782 798
782 857
784 886
784 895
784 921
784 989
785 850
785 891
785 931
785 992
787 871
787 882
788 807
788 865
788 958
790 882
790 899
790 912
790 915
790 946
790 972
791 831
792 854
792 866
797 945
798 884
799 994
802 808
804 890
804 915
806 893
810 941
810 953
810 962
811 853
812 813
812 966
813 839
813 850
813 860
814 872
814 894
814 895
815 882
815 982
816 905
817 860
818 888
818 921
818 956
819 944
822 876
823 868
823 930
823 944
823 945
823 980
824 876
827 874
828 861
828 915
829 894
830 965
832 996
834 854
836 946
837 869
838 932
839 844
839 890
840 988
846 949
846 960
848 879
848 948
851 891
852 868
855 890
855 908
858 948
859 967
859 987
861 914
863 879
865 892
865 980
865 992
866 879
866 945
867 876
869 926
869 961
873 886
875 945
875 974
876 926
878 972
881 887
882 904
882 986
882 997
884 886
887 922
888 900
888 916
888 972
888 996
894 942
896 952
899 904
899 976
901 989
906 923
910 937
912 927
912 935
913 985
915 939
915 975
916 929
916 935
918 964
919 931
919 939
920 952
921 950
924 971
926 932
927 936
931 943
938 986
941 942
943 996
948 959
951 995
952 989
969 993
971 980
