0 1
0 2
0 3
0 4
0 5
0 6
0 7
0 8
0 9
0 13
0 14
0 15
0 18
0 19
0 21
0 22
0 27
0 29
0 34
0 37
0 39
0 41
0 42
0 45
0 47
0 51
0 53
0 59
0 63
0 65
0 66
0 70
0 71
0 72
0 73
0 77
0 87
0 94
0 98
0 100
0 110
0 111
0 112
0 120
0 121
0 128
0 150
0 162
0 167
0 174
0 175
0 182
0 183
0 185
0 198
0 200
0 212
0 215
0 222
0 227
0 232
0 234
0 237
0 239
0 246
0 286
0 289
0 299
0 304
0 313
0 314
0 321
0 324
0 350
0 356
0 417
0 421
0 426
0 454
0 474
0 481
0 509
0 525
0 534
0 542
0 562
0 563
0 573
0 577
0 580
0 589
0 623
0 675
0 680
0 705
0 713
0 729
0 734
0 747
0 786
0 806
0 832
0 835
0 848
0 872
0 932
0 951
0 961
0 973
0 985
0 1016
0 1026
0 1037
0 1052
0 1089
0 1129
0 1130
0 1132
0 1148
0 1169
0 1179
0 1195
0 1205
0 1212
0 1214
0 1215
0 1240
0 1242
0 1259
0 1292
0 1296
0 1305
0 1311
0 1312
0 1355
0 1362
0 1380
0 1424
0 1457
0 1509
0 1510
0 1528
0 1545
0 1568
0 1581
0 1583
0 1625
0 1665
0 1667
0 1683
0 1697
0 1727
0 1743
0 1752
0 1802
0 1833
0 1863
0 1948
0 1970
1 5
1 6
1 7
1 9
1 10
1 11
1 12
1 19
1 21
1 23
1 24
1 25
1 47
1 51
1 58
1 67
1 88
1 103
1 124
1 144
1 173
1 208
1 211
1 216
1 234
1 299
1 330
1 332
1 334
1 366
1 408
1 430
1 474
1 477
1 487
1 500
1 585
1 622
1 667
1 694
1 706
1 735
1 741
1 794
1 873
1 928
1 980
1 1025
1 1031
1 1074
1 1290
1 1393
1 1422
1 1464
1 1657
1 1689
1 1835
1 1924
1 1954
1 1972
2 5
2 14
2 25
2 26
2 31
2 35
2 79
2 99
2 104
2 111
2 140
2 141
2 159
2 167
2 176
2 183
2 184
2 201
2 208
2 229
2 271
2 276
2 340
2 354
2 361
2 399
2 443
2 483
2 513
2 646
2 660
2 661
2 708
2 764
2 781
2 801
2 964
2 1365
2 1460
2 1476
2 1529
2 1544
2 1558
2 1565
2 1628
2 1652
2 1679
2 1715
2 1744
2 1786
2 1857
2 1859
3 127
3 148
3 192
3 991
4 5
4 6
4 8
4 9
4 12
4 15
4 18
4 29
4 30
4 31
4 35
4 39
4 40
4 44
4 49
4 54
4 55
4 61
4 67
4 92
4 96
4 119
4 124
4 129
4 136
4 137
4 142
4 156
4 161
4 186
4 191
4 199
4 213
4 229
4 239
4 240
4 242
4 252
4 258
4 265
4 297
4 309
4 312
4 374
4 385
4 439
4 467
4 495
4 507
4 514
4 517
4 527
4 533
4 571
4 597
4 641
4 761
4 794
4 805
4 866
4 894
4 943
4 962
4 1024
4 1124
4 1147
4 1156
4 1180
4 1199
4 1223
4 1262
4 1283
4 1305
4 1397
4 1419
4 1450
4 1504
4 1552
4 1560
4 1590
4 1621
4 1674
4 1675
4 1772
4 1868
4 1900
4 1987
5 6
5 7
5 12
5 16
5 26
5 28
5 29
5 33
5 38
5 48
5 54
5 58
5 74
5 75
5 78
5 81
5 82
5 89
5 90
5 92
5 97
5 200
5 204
5 238
5 292
5 295
5 348
5 414
5 433
5 434
5 452
5 469
5 514
5 515
5 523
5 552
5 564
5 574
5 587
5 638
5 665
5 728
5 748
5 770
5 796
5 824
5 828
5 897
5 907
5 967
5 978
5 990
5 1039
5 1063
5 1108
5 1192
5 1270
5 1285
5 1287
5 1298
5 1315
5 1329
5 1409
5 1482
5 1515
5 1576
5 1584
5 1594
5 1660
5 1775
5 1798
5 1812
5 1815
5 1942
6 7
6 8
6 9
6 10
6 11
6 12
6 13
6 14
6 15
6 17
6 18
6 20
6 21
6 22
6 27
6 28
6 30
6 32
6 35
6 38
6 41
6 43
6 44
6 46
6 50
6 52
6 59
6 63
6 65
6 78
6 85
6 90
6 91
6 92
6 94
6 96
6 102
6 105
6 112
6 114
6 145
6 147
6 150
6 153
6 154
6 172
6 175
6 178
6 188
6 189
6 205
6 220
6 224
6 245
6 248
6 256
6 257
6 264
6 273
6 275
6 276
6 282
6 283
6 287
6 289
6 291
6 293
6 295
6 325
6 326
6 333
6 346
6 349
6 353
6 380
6 392
6 394
6 398
6 406
6 409
6 411
6 414
6 422
6 429
6 444
6 480
6 496
6 519
6 522
6 523
6 524
6 533
6 551
6 570
6 583
6 584
6 615
6 621
6 634
6 660
6 666
6 695
6 702
6 703
6 716
6 730
6 734
6 798
6 799
6 815
6 820
6 839
6 862
6 876
6 889
6 900
6 930
6 949
6 970
6 992
6 998
6 1003
6 1025
6 1043
6 1049
6 1053
6 1054
6 1108
6 1123
6 1124
6 1193
6 1199
6 1203
6 1211
6 1222
6 1224
6 1230
6 1266
6 1269
6 1274
6 1303
6 1328
6 1404
6 1409
6 1411
6 1439
6 1502
6 1516
6 1526
6 1532
6 1546
6 1551
6 1574
6 1578
6 1585
6 1586
6 1605
6 1610
6 1651
6 1687
6 1700
6 1708
6 1720
6 1760
6 1795
6 1811
6 1823
6 1824
6 1830
6 1832
6 1851
6 1855
6 1862
6 1875
6 1913
6 1918
6 1921
6 1962
7 8
7 10
7 11
7 13
7 15
7 25
7 31
7 34
7 56
7 74
7 83
7 87
7 103
7 121
7 142
7 148
7 258
7 271
7 298
7 307
7 326
7 331
7 361
7 369
7 370
7 436
7 460
7 473
7 478
7 493
7 515
7 530
7 548
7 559
7 596
7 609
7 618
7 622
7 646
7 711
7 833
7 851
7 868
7 972
7 989
7 1039
7 1075
7 1076
7 1104
7 1130
7 1150
7 1165
7 1207
7 1234
7 1318
7 1381
7 1466
7 1555
7 1588
7 1630
7 1764
7 1978
8 10
8 11
8 24
8 31
8 32
8 41
8 42
8 60
8 61
8 67
8 70
8 109
8 117
8 130
8 133
8 134
8 137
8 164
8 166
8 217
8 223
8 261
8 268
8 330
8 341
8 393
8 455
8 493
8 543
8 547
8 566
8 601
8 625
8 628
8 711
8 718
8 766
8 772
8 799
8 803
8 971
8 1005
8 1088
8 1115
8 1118
8 1131
8 1207
8 1244
8 1305
8 1321
8 1350
8 1385
8 1467
8 1497
8 1503
8 1593
8 1654
8 1924
8 1975
9 17
9 20
9 26
9 27
9 36
9 39
9 44
9 51
9 89
9 95
9 117
9 137
9 176
9 190
9 194
9 244
9 271
9 374
9 383
9 393
9 402
9 413
9 416
9 465
9 662
9 666
9 677
9 739
9 817
9 855
9 923
9 936
9 1002
9 1087
9 1232
9 1240
9 1334
9 1415
9 1514
9 1622
9 1707
9 1923
9 1934
9 1947
9 1974
10 16
10 23
10 36
10 42
10 43
10 47
10 75
10 78
10 82
10 91
10 114
10 126
10 139
10 151
10 163
10 165
10 182
10 192
10 233
10 249
10 251
10 253
10 274
10 316
10 327
10 331
10 332
10 368
10 376
10 379
10 449
10 464
10 528
10 571
10 586
10 629
10 639
10 644
10 663
10 700
10 710
10 732
10 742
10 754
10 793
10 843
10 910
10 927
10 934
10 956
10 977
10 992
10 999
10 1094
10 1118
10 1168
10 1198
10 1249
10 1308
10 1347
10 1459
10 1483
10 1499
10 1510
10 1582
10 1609
10 1652
10 1684
10 1703
10 1716
10 1767
10 1904
10 1944
11 13
11 16
11 19
11 20
11 33
11 36
11 60
11 68
11 73
11 75
11 81
11 83
11 86
11 88
11 107
11 121
11 122
11 165
11 201
11 239
11 251
11 255
11 271
11 285
11 310
11 340
11 364
11 374
11 398
11 406
11 407
11 423
11 444
11 445
11 447
11 526
11 530
11 536
11 563
11 564
11 600
11 648
11 680
11 734
11 870
11 907
11 915
11 957
11 965
11 1022
11 1043
11 1046
11 1095
11 1143
11 1162
11 1163
11 1172
11 1183
11 1185
11 1278
11 1282
11 1314
11 1380
11 1454
11 1458
11 1583
11 1673
11 1701
11 1713
11 1726
11 1768
11 1779
11 1787
11 1809
11 1845
11 1982
12 29
12 30
12 37
12 54
12 55
12 64
12 71
12 98
12 99
12 131
12 190
12 227
12 350
12 353
12 456
12 461
12 497
12 534
12 616
12 683
12 766
12 829
12 884
12 911
12 918
12 1028
12 1048
12 1057
12 1096
12 1401
12 1510
12 1516
12 1730
12 1773
12 1926
13 14
13 17
13 57
13 84
13 101
13 105
13 134
13 145
13 217
13 258
13 296
13 447
13 540
13 592
13 645
13 669
13 774
13 983
13 988
13 1141
13 1229
13 1299
13 1337
13 1511
13 1545
13 1553
13 1752
13 1872
13 1913
14 22
14 24
14 25
14 37
14 39
14 62
14 66
14 71
14 82
14 93
14 103
14 132
14 143
14 195
14 277
14 311
14 326
14 412
14 425
14 463
14 559
14 650
14 661
14 679
14 687
14 689
14 721
14 804
14 860
14 1026
14 1101
14 1142
14 1218
14 1303
14 1383
14 1477
14 1513
14 1675
14 1733
14 1805
14 1986
15 16
15 17
15 18
15 20
15 21
15 36
15 51
15 69
15 128
15 139
15 142
15 181
15 209
15 215
15 225
15 227
15 287
15 351
15 363
15 379
15 424
15 475
15 561
15 754
15 799
15 901
15 920
15 1000
15 1106
15 1121
15 1335
15 1423
15 1441
15 1453
15 1486
15 1928
16 23
16 27
16 28
16 72
16 80
16 141
16 181
16 189
16 246
16 345
16 398
16 460
16 502
16 547
16 579
16 591
16 645
16 759
16 810
16 871
16 962
16 981
16 1021
16 1113
16 1232
16 1268
16 1370
16 1380
16 1413
16 1536
16 1615
16 1956
16 1978
17 19
17 22
17 24
17 34
17 52
17 53
17 139
17 146
17 147
17 153
17 164
17 270
17 325
17 346
17 386
17 441
17 463
17 488
17 708
17 730
17 743
17 750
17 798
17 822
17 840
17 859
17 902
17 1013
17 1133
17 1140
17 1187
17 1296
17 1340
17 1387
17 1479
17 1670
17 1880
17 1908
17 1955
17 1989
18 26
18 32
18 33
18 56
18 80
18 83
18 108
18 123
18 128
18 135
18 138
18 205
18 210
18 247
18 256
18 324
18 328
18 380
18 395
18 399
18 410
18 452
18 458
18 528
18 530
18 536
18 578
18 614
18 821
18 822
18 913
18 959
18 964
18 999
18 1049
18 1058
18 1083
18 1189
18 1274
18 1278
18 1325
18 1460
18 1491
18 1777
18 1790
19 65
19 79
19 92
19 105
19 118
19 122
19 162
19 187
19 194
19 279
19 296
19 319
19 405
19 432
19 438
19 441
19 545
19 589
19 597
19 648
19 714
19 732
19 794
19 831
19 857
19 871
19 905
19 954
19 1106
19 1113
19 1212
19 1277
19 1386
19 1406
19 1540
19 1780
19 1914
19 1956
20 28
20 40
20 48
20 53
20 56
20 58
20 60
20 62
20 138
20 156
20 161
20 175
20 228
20 242
20 283
20 293
20 334
20 365
20 378
20 381
20 466
20 647
20 649
20 730
20 803
20 837
20 852
20 865
20 925
20 1065
20 1067
20 1219
20 1290
20 1384
20 1440
20 1607
20 1638
20 1842
21 38
21 50
21 87
21 155
21 185
21 202
21 222
21 392
21 420
21 440
21 452
21 492
21 537
21 550
21 565
21 617
21 630
21 639
21 682
21 781
21 804
21 856
21 1033
21 1085
21 1116
21 1268
21 1313
21 1478
21 1793
21 1806
22 23
22 35
22 40
22 136
22 140
22 203
22 275
22 491
22 574
22 786
22 917
22 922
22 928
22 976
22 985
22 1008
22 1013
22 1049
22 1508
22 1552
22 1560
22 1717
22 1936
23 30
23 66
23 75
23 133
23 167
23 179
23 348
23 358
23 522
23 619
23 629
23 682
23 703
23 746
23 861
23 884
23 1030
23 1233
23 1255
23 1392
23 1592
23 1696
23 1708
23 1743
23 1966
24 37
24 45
24 56
24 100
24 122
24 129
24 173
24 255
24 291
24 380
24 391
24 446
24 516
24 536
24 556
24 776
24 839
24 849
24 1012
24 1071
24 1076
24 1084
24 1210
24 1215
24 1232
24 1239
24 1345
24 1632
24 1661
24 1666
24 1755
24 1756
24 1825
25 83
25 151
25 159
25 240
25 341
25 533
25 865
25 986
25 1136
25 1174
25 1353
25 1377
25 1429
25 1593
25 1695
25 1720
25 1931
26 44
26 106
26 115
26 118
26 126
26 170
26 188
26 221
26 277
26 317
26 333
26 365
26 417
26 430
26 451
26 480
26 494
26 505
26 588
26 606
26 626
26 648
26 775
26 785
26 850
26 856
26 886
26 945
26 1023
26 1154
26 1242
26 1301
26 1358
26 1383
26 1470
26 1473
26 1585
26 1700
26 1800
26 1821
26 1858
26 1926
27 42
27 63
27 64
27 69
27 73
27 116
27 141
27 160
27 178
27 186
27 224
27 261
27 266
27 388
27 400
27 413
27 418
27 465
27 486
27 532
27 603
27 652
27 744
27 833
27 889
27 914
27 935
27 966
27 1015
27 1053
27 1097
27 1157
27 1173
27 1227
27 1309
27 1386
27 1402
27 1462
27 1490
27 1538
27 1597
27 1599
27 1769
27 1775
27 1804
27 1822
27 1887
28 49
28 79
28 85
28 116
28 145
28 158
28 170
28 479
28 490
28 576
28 657
28 770
28 776
28 782
28 802
28 930
28 997
28 1119
28 1219
28 1535
28 1823
29 33
29 34
29 46
29 50
29 52
29 62
29 67
29 76
29 84
29 105
29 109
29 160
29 210
29 263
29 265
29 289
29 308
29 335
29 353
29 367
29 370
29 416
29 424
29 445
29 537
29 544
29 620
29 685
29 705
29 795
29 862
29 975
29 1032
29 1035
29 1151
29 1297
29 1377
29 1514
29 1533
29 1560
29 1590
29 1598
29 1717
29 1725
29 1773
29 1791
29 1818
29 1928
29 1973
30 38
30 43
30 45
30 48
30 86
30 109
30 110
30 115
30 155
30 167
30 186
30 236
30 272
30 292
30 296
30 297
30 307
30 310
30 332
30 373
30 386
30 402
30 415
30 426
30 518
30 557
30 580
30 583
30 614
30 657
30 777
30 916
30 1036
30 1045
30 1063
30 1092
30 1099
30 1118
30 1175
30 1351
30 1394
30 1452
30 1546
30 1677
30 1699
30 1714
30 1776
30 1847
30 1850
30 1903
30 1907
30 1913
30 1965
30 1972
31 32
31 40
31 43
31 49
31 50
31 59
31 97
31 115
31 130
31 132
31 198
31 254
31 264
31 364
31 369
31 375
31 381
31 484
31 566
31 616
31 656
31 697
31 763
31 977
31 1110
31 1124
31 1167
31 1178
31 1233
31 1250
31 1592
31 1846
32 41
32 49
32 86
32 118
32 160
32 187
32 227
32 244
32 256
32 315
32 336
32 375
32 384
32 545
32 547
32 580
32 668
32 734
32 1043
32 1107
32 1199
32 1392
32 1666
32 1735
33 57
33 93
33 101
33 149
33 229
33 267
33 288
33 319
33 373
33 375
33 461
33 479
33 511
33 548
33 608
33 719
33 848
33 935
33 952
33 1051
33 1074
33 1103
33 1194
33 1209
33 1293
33 1425
33 1456
33 1576
33 1691
33 1748
33 1838
33 1911
34 47
34 91
34 146
34 194
34 219
34 248
34 538
34 638
34 833
34 837
34 897
34 994
34 996
34 1193
34 1431
34 1504
34 1922
35 223
35 363
35 418
35 426
35 579
35 736
35 743
35 878
35 1003
35 1258
35 1317
35 1633
35 1673
35 1766
35 1977
36 233
36 467
36 618
36 733
36 765
36 770
36 990
36 1105
36 1192
36 1420
36 1557
37 55
37 59
37 84
37 113
37 119
37 131
37 343
37 396
37 412
37 438
37 499
37 504
37 549
37 985
37 1034
37 1176
37 1528
37 1573
37 1622
37 1685
38 272
38 299
38 314
38 999
39 48
39 61
39 64
39 70
39 80
39 108
39 123
39 149
39 151
39 159
39 214
39 298
39 310
39 317
39 352
39 384
39 401
39 409
39 444
39 464
39 733
39 1086
39 1153
39 1448
39 1531
39 1906
40 57
40 58
40 68
40 81
40 89
40 93
40 112
40 113
40 134
40 218
40 235
40 236
40 249
40 252
40 286
40 329
40 338
40 480
40 565
40 593
40 606
40 669
40 788
40 797
40 920
40 974
40 1001
40 1012
40 1021
40 1042
40 1082
40 1157
40 1158
40 1162
40 1212
40 1319
40 1322
40 1373
40 1395
40 1435
40 1480
40 1631
40 1693
40 1755
40 1799
40 1801
40 1954
41 45
41 81
41 162
41 229
41 231
41 317
41 323
41 336
41 373
41 437
41 448
41 591
41 618
41 645
41 669
41 826
41 1151
41 1204
41 1319
41 1647
41 1754
41 1869
42 46
42 68
42 74
42 79
42 88
42 89
42 106
42 125
42 141
42 169
42 207
42 232
42 236
42 269
42 335
42 355
42 378
42 422
42 431
42 454
42 517
42 619
42 626
42 631
42 674
42 705
42 718
42 758
42 760
42 777
42 818
42 855
42 886
42 918
42 950
42 1010
42 1052
42 1077
42 1083
42 1096
42 1227
42 1245
42 1299
42 1486
42 1577
42 1580
42 1718
42 1894
42 1994
43 46
43 90
43 95
43 318
43 351
43 583
43 598
43 610
43 1116
43 1191
43 1410
43 1681
43 1728
43 1770
44 150
44 155
44 169
44 255
44 389
44 554
44 567
44 657
44 762
44 918
44 929
44 951
44 1020
44 1100
44 1154
44 1164
44 1190
44 1285
44 1292
44 1321
44 1342
44 1390
44 1572
44 1619
44 1639
44 1643
44 1674
44 1905
44 1921
45 64
45 130
45 277
45 282
45 402
45 844
45 861
45 900
45 927
45 1044
45 1154
45 1163
45 1406
45 1425
46 63
46 70
46 76
46 125
46 129
46 130
46 191
46 250
46 326
46 338
46 427
46 433
46 445
46 476
46 558
46 642
46 643
46 709
46 728
46 787
46 850
46 1002
46 1060
46 1073
46 1127
46 1200
46 1213
46 1463
46 1539
46 1544
46 1557
46 1677
46 1789
46 1981
47 57
47 205
47 242
47 471
47 593
47 672
47 745
47 1586
48 68
48 73
48 120
48 281
48 393
48 404
48 524
48 533
48 557
48 577
48 791
48 827
48 852
48 908
48 911
48 975
48 1103
48 1693
48 1798
48 1851
49 54
49 62
49 138
49 526
49 757
49 1155
49 1156
49 1494
49 1599
50 52
50 53
50 60
50 76
50 124
50 127
50 129
50 133
50 200
50 217
50 259
50 285
50 391
50 397
50 406
50 408
50 416
50 478
50 479
50 492
50 496
50 553
50 554
50 558
50 567
50 592
50 597
50 615
50 616
50 652
50 656
50 679
50 684
50 712
50 771
50 827
50 865
50 1007
50 1135
50 1169
50 1182
50 1341
50 1368
50 1418
50 1981
51 72
51 161
51 175
51 186
51 236
51 248
51 357
51 396
51 412
51 413
51 550
51 771
51 808
51 862
51 921
51 981
51 988
51 990
51 1071
51 1243
51 1325
51 1478
51 1481
51 1645
51 1692
52 85
52 86
52 104
52 106
52 158
52 212
52 225
52 320
52 350
52 382
52 428
52 521
52 535
52 584
52 659
52 944
52 1113
52 1114
52 1617
52 1961
53 104
53 111
53 113
53 119
53 136
53 154
53 159
53 179
53 183
53 197
53 215
53 245
53 260
53 301
53 303
53 307
53 364
53 421
53 446
53 463
53 510
53 578
53 594
53 663
53 676
53 848
53 852
53 879
53 922
53 1044
53 1094
53 1179
53 1295
53 1318
53 1358
53 1378
53 1393
53 1501
53 1566
53 1614
53 1910
53 1978
54 55
54 149
54 369
54 738
54 769
54 812
54 1013
54 1028
54 1309
54 1343
55 61
55 150
55 164
55 195
55 322
55 588
55 766
55 878
55 888
55 1058
55 1548
56 482
56 582
56 684
56 1249
56 1260
56 1341
56 1488
56 1633
57 74
57 78
57 82
57 95
57 132
57 144
57 147
57 204
57 228
57 274
57 284
57 395
57 419
57 520
57 523
57 549
57 559
57 619
57 673
57 683
57 751
57 773
57 788
57 805
57 870
57 955
57 1031
57 1061
57 1235
57 1248
57 1307
57 1308
57 1396
57 1487
57 1747
57 1847
57 1867
57 1869
58 66
58 585
58 613
58 646
58 844
59 65
59 80
59 87
59 112
59 123
59 131
59 145
59 152
59 184
59 267
59 278
59 359
59 368
59 466
59 508
59 509
59 517
59 568
59 586
59 627
59 653
59 664
59 772
59 1079
59 1203
59 1294
59 1359
59 1624
60 84
60 96
60 126
60 182
60 226
60 243
60 294
60 327
60 362
60 394
60 416
60 456
60 576
60 610
60 634
60 660
60 844
60 864
60 865
60 959
60 1059
60 1235
60 1269
60 1379
60 1441
60 1576
60 1593
60 1621
60 1699
60 1740
60 1742
60 1953
61 88
61 114
61 118
61 238
61 320
61 403
61 482
61 529
61 535
61 555
61 589
61 764
61 801
61 900
61 1002
61 1286
61 1492
61 1586
61 1593
61 1836
61 1855
61 1902
61 1919
61 1942
62 69
62 77
62 85
62 111
62 152
62 162
62 193
62 199
62 402
62 468
62 469
62 686
62 749
62 812
62 1100
62 1230
62 1444
62 1690
62 1810
63 69
63 115
63 128
63 403
63 473
63 605
63 720
63 1717
64 76
64 77
64 97
64 163
64 180
64 222
64 244
64 440
64 557
64 593
64 635
64 715
64 791
64 1020
64 1140
64 1335
64 1806
65 168
65 193
65 440
65 631
65 724
66 137
66 444
66 520
66 651
66 714
66 783
66 870
66 893
66 913
66 995
66 1017
66 1085
66 1152
66 1674
66 1885
67 77
67 140
67 164
67 262
67 290
67 306
67 399
67 470
67 485
67 722
67 744
67 972
67 1025
67 1238
67 1385
67 1404
67 1454
67 1650
67 1734
67 1823
67 1828
68 72
68 221
68 225
68 382
68 461
68 478
68 681
68 885
68 1092
68 1451
68 1463
68 1494
68 1730
68 1976
69 96
69 99
69 116
69 174
69 230
69 263
69 301
69 303
69 349
69 386
69 421
69 439
69 463
69 515
69 573
69 624
69 656
69 682
69 703
69 840
69 933
69 966
69 978
69 980
69 1092
69 1132
69 1241
69 1247
69 1364
69 1393
69 1417
69 1444
69 1445
69 1547
69 1805
69 1867
69 1903
70 71
70 93
70 170
70 174
70 213
70 226
70 290
70 344
70 408
70 465
70 477
70 556
70 652
70 978
70 1019
70 1050
70 1057
70 1077
70 1101
70 1175
70 1208
70 1474
70 1476
70 1586
70 1750
70 1849
70 1912
71 148
71 309
71 396
71 475
71 497
71 575
71 623
71 631
71 804
71 847
71 1634
71 1837
71 1972
72 135
72 184
72 206
72 214
72 308
72 429
72 490
72 560
72 680
72 696
72 931
72 1177
72 1182
72 1378
72 1688
72 1929
73 140
73 243
73 340
73 380
73 791
73 1239
73 1286
73 1288
73 1439
73 1747
74 134
74 152
74 372
74 429
74 432
74 762
74 1081
74 1251
74 1316
74 1327
74 1992
75 151
75 851
75 855
75 886
75 1000
75 1084
75 1097
75 1940
76 100
76 125
76 196
76 207
76 278
76 360
76 378
76 500
76 630
76 1088
76 1160
76 1278
76 1643
76 1708
76 1724
76 1759
76 1914
77 94
77 107
77 521
77 647
77 681
77 742
77 1021
77 1168
77 1332
77 1647
78 102
78 168
78 178
78 182
78 191
78 213
78 241
78 293
78 327
78 329
78 390
78 410
78 419
78 423
78 439
78 441
78 519
78 644
78 786
78 833
78 1284
78 1343
78 1446
78 1496
78 1542
78 1607
78 1736
78 1970
79 102
79 113
79 114
79 174
79 275
79 368
79 468
79 562
79 616
79 674
79 731
79 739
79 767
79 923
79 1498
79 1751
79 1835
79 1880
79 1896
79 1950
80 154
80 176
80 297
80 331
80 381
80 408
80 431
80 599
80 601
80 667
80 799
80 1281
80 1284
80 1671
80 1684
80 1792
80 1896
80 1979
81 99
81 171
81 219
81 234
81 322
81 403
81 609
81 655
81 776
81 787
81 816
81 866
81 903
81 973
81 989
81 1070
81 1109
81 1137
81 1172
81 1210
81 1231
81 1366
81 1484
81 1543
81 1641
81 1694
81 1819
82 263
82 982
82 1405
82 1939
83 94
83 230
83 266
83 371
83 405
83 529
83 896
83 926
83 964
83 1179
83 1409
83 1766
83 1783
83 1996
84 201
84 212
84 342
84 376
84 410
84 551
84 562
84 613
84 671
84 765
84 816
84 835
84 908
84 941
84 1142
84 1160
84 1243
84 1468
84 1489
85 187
85 221
85 223
85 224
85 230
85 240
85 247
85 253
85 283
85 313
85 316
85 349
85 414
85 447
85 489
85 524
85 633
85 771
85 930
85 1149
85 1299
85 1330
85 1449
86 116
86 139
86 196
86 268
86 292
86 374
86 436
86 457
86 458
86 486
86 491
86 569
86 586
86 657
86 696
86 723
86 882
86 925
86 938
86 946
86 971
86 984
86 1048
86 1128
86 1148
86 1204
86 1267
86 1323
86 1519
86 1590
86 1649
86 1727
86 1839
86 1920
87 91
87 95
87 101
87 107
87 125
87 171
87 172
87 255
87 261
87 265
87 297
87 363
87 435
87 701
87 767
87 826
87 891
87 953
87 954
87 978
87 1164
87 1634
87 1678
87 1722
87 1757
87 1858
87 1884
88 974
88 1341
88 1405
89 90
89 122
89 237
89 290
89 604
89 650
89 754
89 760
89 1008
89 1056
89 1283
89 1356
89 1471
89 1545
89 1763
90 107
90 197
90 199
90 221
90 269
90 539
90 594
90 1041
90 1091
90 1258
90 1433
90 1455
90 1972
90 1987
91 110
91 243
91 268
91 324
91 377
91 400
91 430
91 442
91 572
91 919
91 929
91 1112
91 1387
91 1613
91 1732
91 1951
92 254
92 259
92 274
92 385
92 428
92 651
92 723
92 882
92 991
92 1582
92 1623
92 1710
92 1786
92 1993
93 127
93 146
93 218
93 257
93 362
93 391
93 585
93 615
93 636
93 702
93 1078
93 1184
93 1188
93 1234
93 1620
93 1672
93 1935
94 98
94 101
94 104
94 147
94 181
94 185
94 219
94 252
94 400
94 462
94 520
94 537
94 628
94 905
94 933
94 1001
94 1138
94 1166
94 1220
94 1237
94 1248
94 1398
94 1430
94 1721
94 1759
94 1833
94 1873
94 1882
95 102
95 124
95 284
95 310
95 334
95 347
95 540
95 579
95 924
95 1020
95 1349
96 97
96 98
96 117
96 136
96 166
96 169
96 177
96 188
96 195
96 198
96 206
96 208
96 269
96 300
96 306
96 340
96 389
96 401
96 460
96 485
96 487
96 495
96 518
96 519
96 581
96 604
96 658
96 670
96 714
96 762
96 803
96 838
96 846
96 864
96 925
96 952
96 953
96 1088
96 1125
96 1152
96 1187
96 1239
96 1313
96 1359
96 1496
96 1635
96 1703
96 1721
96 1768
96 1792
96 1796
96 1928
96 1960
97 100
97 110
97 119
97 172
97 254
97 273
97 298
97 309
97 338
97 939
97 945
97 955
97 1038
97 1181
97 1201
97 1220
97 1322
97 1493
97 1583
97 1842
98 108
98 109
98 132
98 268
98 352
98 383
98 525
98 635
98 641
98 783
98 919
98 923
98 1004
98 1065
98 1155
98 1219
98 1484
98 1496
98 1538
98 1603
98 1669
98 1905
99 135
99 153
99 157
99 243
99 244
99 249
99 313
99 454
99 466
99 489
99 596
99 829
99 968
99 1065
99 1086
99 1112
99 1153
99 1173
99 1206
99 1265
99 1349
99 1519
99 1558
100 103
100 135
100 231
100 478
100 481
100 643
100 923
100 1015
100 1035
100 1373
100 1381
100 1437
100 1468
100 1580
100 1894
100 1932
101 106
101 146
101 210
101 371
101 509
101 570
101 769
101 834
101 877
101 925
101 956
101 1022
101 1133
101 1276
101 1292
101 1330
101 1331
101 1502
101 1579
101 1880
102 203
102 529
102 580
102 704
102 987
102 1411
102 1495
102 1756
103 154
103 193
103 421
103 603
103 709
103 917
103 994
103 1029
103 1033
103 1341
103 1420
104 142
104 197
104 723
105 789
105 1483
106 143
106 173
106 202
106 213
106 228
106 272
106 325
106 344
106 355
106 394
106 420
106 467
106 507
106 629
106 739
106 780
106 800
106 825
106 868
106 887
106 899
106 901
106 973
106 1097
106 1228
106 1276
106 1354
106 1366
106 1476
106 1494
106 1573
106 1617
106 1758
106 1830
106 1914
106 1949
107 108
107 418
107 552
107 622
107 730
107 792
107 901
107 961
107 1184
107 1406
107 1511
107 1687
107 1822
108 117
108 188
108 250
108 322
108 355
108 695
108 758
108 1109
108 1310
108 1452
108 1704
109 131
109 138
109 143
109 149
109 160
109 171
109 176
109 183
109 189
109 199
109 208
109 238
109 241
109 267
109 333
109 343
109 390
109 417
109 504
109 531
109 535
109 543
109 623
109 681
109 685
109 690
109 724
109 748
109 802
109 819
109 870
109 875
109 941
109 1095
109 1111
109 1143
109 1252
109 1327
109 1338
109 1414
109 1587
109 1592
109 1620
109 1730
109 1773
109 1835
109 1873
109 1939
109 1957
109 1970
110 181
110 241
110 315
110 505
110 755
110 1288
110 1628
111 144
111 156
111 291
111 346
111 456
111 624
111 716
111 718
111 737
111 867
111 1006
111 1068
111 1270
111 1389
111 1570
111 1722
112 120
112 126
112 152
112 153
112 165
112 280
112 281
112 348
112 357
112 379
112 401
112 404
112 482
112 488
112 556
112 607
112 633
112 676
112 698
112 816
112 913
112 946
112 1032
112 1152
112 1195
112 1251
112 1316
112 1337
112 1365
112 1508
112 1779
112 1799
112 1800
113 163
113 215
113 257
113 273
113 379
113 430
113 462
113 487
113 490
113 559
113 699
113 919
113 1093
113 1199
113 1629
113 1831
113 1843
113 1983
114 123
114 157
114 217
114 308
114 336
114 339
114 472
114 515
114 561
114 789
114 854
114 874
114 1188
114 1300
114 1372
114 1423
114 1530
114 1731
114 1827
115 331
115 830
115 1090
115 1241
115 1314
115 1428
115 1574
116 120
116 143
116 178
116 203
116 337
116 386
116 395
116 399
116 405
116 406
116 419
116 425
116 498
116 555
116 637
116 647
116 710
116 736
116 781
116 873
116 1022
116 1129
116 1322
116 1375
116 1537
116 1713
117 156
117 158
117 248
117 276
117 323
117 344
117 376
117 425
117 449
117 646
117 654
117 748
117 819
117 857
117 1183
117 1205
117 1587
117 1588
117 1690
118 121
118 203
118 253
118 273
118 295
118 418
118 449
118 598
118 681
118 688
118 698
118 948
118 1231
118 1256
118 1511
118 1856
119 845
119 848
120 1450
121 127
121 161
121 190
121 294
121 575
121 628
121 1272
121 1468
121 1490
122 166
122 204
122 278
122 305
122 329
122 420
122 459
122 590
122 686
122 726
122 876
122 1443
123 270
123 328
123 1071
123 1528
123 1909
124 235
124 295
124 403
124 560
124 660
124 863
124 995
124 1013
124 1082
124 1164
124 1320
124 1336
124 1421
124 1625
124 1653
124 1770
124 1886
124 1993
125 133
125 814
125 951
125 1330
125 1430
125 1877
126 499
126 503
126 531
126 820
126 1213
126 1516
126 1660
127 214
127 232
127 240
127 352
127 359
127 753
127 789
127 824
127 1066
127 1108
127 1280
127 1574
127 1632
127 1999
128 197
128 201
128 785
128 810
128 1062
128 1348
128 1498
128 1517
128 1723
128 1889
128 1909
129 165
129 315
129 449
129 615
129 896
129 1034
129 1407
129 1515
129 1570
129 1678
129 1954
130 173
130 211
130 325
130 332
130 345
130 348
130 612
130 630
130 1332
130 1393
131 155
131 250
131 269
131 312
131 318
131 655
131 733
131 1019
131 1021
131 1398
131 1534
131 1565
131 1598
131 1816
132 362
132 411
132 423
132 528
132 544
132 670
132 795
132 1147
132 1190
132 1249
132 1572
132 1592
132 1740
132 1896
132 1945
133 190
133 232
133 354
133 525
133 588
133 600
133 754
133 814
133 866
133 1333
133 1440
133 1490
133 1532
133 1749
133 1815
134 219
134 231
134 335
134 640
134 821
134 1410
134 1655
134 1988
135 163
135 168
135 179
135 187
135 198
135 228
135 290
135 484
135 502
135 599
135 607
135 971
135 1437
135 1463
135 1575
135 1632
135 1633
135 1757
135 1898
135 1935
135 1991
136 177
136 377
136 462
136 947
136 1029
136 1037
136 1216
136 1563
136 1597
137 157
137 185
137 206
137 320
137 456
137 1016
137 1083
137 1410
137 1927
138 157
138 481
138 1716
139 158
139 204
139 318
139 391
139 747
139 790
139 962
139 1000
139 1009
139 1107
139 1298
139 1606
139 1687
140 202
140 285
140 388
140 631
140 802
140 1076
140 1122
140 1198
140 1343
140 1795
141 246
141 279
141 294
141 343
141 377
141 501
141 506
141 674
141 699
141 858
141 867
141 880
141 887
141 1306
141 1375
141 1589
141 1905
142 206
142 435
142 564
142 647
142 979
142 1017
142 1150
142 1472
142 1517
143 144
143 202
143 253
143 396
143 427
143 620
143 671
143 854
143 1055
143 1134
143 1578
143 1722
143 1940
144 220
144 251
144 440
144 601
144 609
144 637
144 820
144 1245
144 1258
144 1307
144 1625
144 1648
144 1875
145 352
145 582
145 1965
146 148
146 168
146 170
146 254
146 312
146 330
146 345
146 437
146 622
146 665
146 756
146 1104
146 1181
146 1205
146 1374
146 1376
146 1388
146 1615
146 1795
147 193
147 282
147 397
147 432
147 433
147 772
147 800
147 829
147 929
147 1115
147 1164
147 1202
147 1244
147 1289
147 1472
147 1628
147 1694
147 1697
147 1802
148 450
148 633
148 829
148 968
148 1077
148 1311
148 1604
148 1668
148 1792
148 1940
149 179
149 184
149 281
149 306
149 307
149 360
149 443
149 1261
149 1328
149 1709
149 1739
149 1941
150 177
150 223
150 755
150 800
150 942
150 1007
150 1141
150 1656
150 1826
151 284
151 385
151 462
151 473
151 512
151 671
151 1329
151 1534
151 1987
152 180
152 288
152 376
152 874
153 172
153 195
153 259
153 274
153 503
153 545
153 594
153 650
153 678
153 859
153 1133
153 1594
153 1911
153 1957
154 341
154 574
154 915
154 1180
154 1248
154 1631
154 1642
154 1734
154 1918
155 270
155 392
155 419
155 703
155 757
155 1101
155 1418
155 1555
155 1571
155 1575
155 1711
156 177
156 180
156 194
156 237
156 312
156 381
156 568
156 778
156 831
156 1143
156 1182
156 1399
156 1475
156 1629
156 1688
156 1944
157 226
157 272
157 792
157 871
157 966
157 1450
157 1755
158 222
158 226
158 282
158 305
158 356
158 434
158 938
158 1131
158 1188
158 1362
158 1540
158 1902
158 1960
159 169
159 260
159 691
159 787
159 976
159 1358
159 1916
160 171
160 205
160 251
160 311
160 422
160 455
160 464
160 1377
160 1630
161 289
161 300
161 328
161 541
161 700
161 775
161 930
161 1200
161 1266
161 1404
161 1529
161 1687
161 1917
162 166
162 443
162 450
162 686
162 710
162 1007
162 1064
162 1146
162 1296
162 1774
162 1812
162 1919
162 1961
162 1994
163 339
163 358
163 448
163 659
163 684
163 700
163 753
163 775
163 1073
163 1209
163 1233
163 1263
163 1883
163 1924
164 180
164 260
164 263
164 283
164 318
164 466
164 926
164 1122
164 1176
164 1572
164 1702
165 387
165 431
165 555
165 834
165 906
165 981
165 1049
165 1618
166 280
166 301
166 305
166 514
166 727
166 895
166 1274
166 1585
167 245
167 349
167 356
167 371
167 499
167 654
167 736
167 761
167 939
167 1171
167 1535
168 230
168 357
168 595
168 687
168 692
168 778
168 879
168 909
168 999
168 1036
168 1556
168 1576
168 1664
168 1888
168 1898
169 191
169 435
169 513
169 755
169 816
169 878
169 1090
169 1253
169 1418
169 1479
169 1568
170 192
170 207
170 265
170 485
170 608
170 612
170 783
170 954
170 1029
170 1178
170 1525
170 1868
171 260
171 890
171 1046
172 484
172 498
172 610
172 621
172 803
172 821
172 1402
172 1936
173 364
173 411
173 538
173 705
173 861
173 1214
173 1239
173 1280
173 1684
173 1952
174 266
174 284
174 287
174 354
174 512
174 558
174 618
174 798
174 958
174 1069
174 1613
174 1635
174 1668
174 1990
175 498
176 189
176 311
176 343
176 424
176 442
176 522
176 841
176 922
176 957
176 1333
176 1742
176 1831
176 1857
176 1974
177 196
177 299
177 322
177 458
177 546
177 788
177 806
177 811
177 882
177 1225
177 1961
178 262
178 980
178 1736
178 1813
179 209
179 570
180 288
180 291
180 367
180 372
180 491
180 542
180 745
180 756
180 866
180 928
180 1036
180 1326
180 1457
180 1509
180 1549
180 1607
180 1654
180 1789
180 1821
180 1984
181 200
181 220
181 259
181 346
181 500
181 611
181 1391
181 1690
181 1758
182 292
182 306
182 389
182 719
182 1211
182 1936
183 267
183 309
183 375
183 842
183 993
183 1251
183 1971
184 192
184 196
184 266
184 277
184 372
184 388
184 455
184 475
184 522
184 611
184 636
184 735
184 757
184 782
184 825
184 982
184 1032
184 1062
184 1209
184 1327
184 1367
184 1507
184 1701
184 1837
184 1939
184 1951
184 1998
185 218
185 597
185 823
185 1561
185 1946
186 258
186 428
186 495
186 506
186 606
186 607
186 694
186 748
186 1184
186 1185
186 1254
187 511
187 1048
187 1447
187 1550
187 1968
188 212
188 261
188 387
188 407
188 806
188 880
188 1126
188 1201
188 1282
188 1641
188 1891
189 279
189 774
189 1352
189 1854
190 209
190 210
190 252
190 556
190 662
190 697
190 1144
190 1275
190 1295
190 1327
190 1555
191 231
191 339
191 724
191 880
191 912
191 1067
191 1105
192 224
192 330
192 457
192 568
192 796
192 812
192 1639
192 1882
193 211
193 216
193 281
193 286
193 453
193 552
193 679
193 698
193 909
193 989
193 1086
193 1866
193 1922
194 216
194 233
194 476
194 508
194 532
194 600
194 1027
194 1257
194 1882
195 207
195 233
195 238
195 304
195 451
195 917
195 1009
195 1216
195 1289
195 1931
196 214
196 726
197 242
197 314
197 393
197 450
197 509
197 573
197 630
197 753
197 838
197 955
197 1136
197 1242
197 1390
197 1650
197 1965
198 752
198 1085
199 311
199 737
199 856
199 1117
199 1650
200 209
200 384
200 670
200 875
200 1122
201 805
201 813
201 832
201 967
201 1347
202 241
202 341
202 365
202 662
202 667
202 673
202 731
202 1156
202 1236
202 1279
202 1405
203 257
203 397
203 454
203 591
203 699
203 727
203 1260
203 1268
204 216
204 294
204 501
204 641
204 819
204 1879
204 1933
205 337
205 433
205 497
205 832
205 1151
205 1277
205 1536
205 1537
205 1601
205 1884
206 270
206 302
206 342
206 452
206 907
206 1171
206 1357
206 1389
206 1769
207 302
207 569
207 639
207 1283
207 1388
207 1457
207 1841
207 1893
208 428
208 465
208 542
208 879
208 899
208 1302
208 1339
208 1345
208 1425
208 1698
208 1874
209 211
209 239
209 763
209 823
209 1065
209 1174
209 1201
210 225
210 262
210 472
210 621
210 632
210 661
210 784
210 851
210 1457
210 1490
210 1506
210 1681
210 1698
210 1712
211 1426
212 235
212 245
212 751
212 1135
212 1309
212 1420
212 1708
212 1857
212 1952
213 319
213 361
213 494
213 578
213 883
213 969
213 1194
213 1733
213 1778
213 1889
214 401
214 565
214 708
214 795
214 813
214 1010
214 1288
214 1318
214 1423
214 1474
214 1504
214 1507
214 1520
214 1660
214 1802
215 234
215 237
215 555
215 594
215 912
215 986
215 1261
215 1504
215 1603
215 1651
215 1852
216 218
216 528
216 694
216 704
216 1228
216 1399
217 793
217 1897
218 220
218 262
218 353
218 1045
218 1128
218 1241
218 1508
218 1530
218 1573
218 1591
218 1715
218 1739
218 1761
218 1840
219 1111
219 1430
219 1904
219 1963
220 880
220 1865
221 619
221 626
221 1237
221 1319
221 1489
221 1691
221 1989
222 366
222 389
222 982
222 987
222 1072
222 1643
222 1989
223 438
223 474
223 561
223 676
223 684
223 738
223 864
223 1141
223 1195
223 1401
223 1666
223 1785
223 1852
224 256
224 504
224 534
224 769
224 1192
224 1297
224 1921
224 1990
225 235
225 300
225 694
225 711
225 824
225 1112
226 286
226 342
226 368
226 470
226 565
226 602
226 767
226 891
226 1061
226 1426
226 1792
226 1993
227 489
227 1098
227 1881
228 321
228 524
228 825
228 933
228 937
228 1126
228 1194
228 1264
228 1294
228 1326
228 1788
228 1922
228 1967
228 1986
229 508
229 688
230 280
230 344
230 451
230 540
230 605
230 640
230 706
230 713
230 792
230 849
230 883
230 913
230 1024
230 1301
230 1334
230 1382
230 1459
230 1536
230 1561
230 1623
230 1942
231 315
231 644
231 985
231 1059
231 1725
231 1938
231 1966
232 246
232 360
232 692
232 1002
232 1033
232 1036
232 1533
232 1602
232 1799
232 1861
232 1906
232 1915
233 280
233 321
233 546
233 804
233 1005
233 1026
233 1204
233 1300
233 1771
233 1999
234 249
234 278
234 357
234 404
234 413
234 420
234 437
234 459
234 508
234 571
234 742
234 860
234 912
234 916
234 1040
234 1189
234 1351
234 1662
235 247
235 285
235 301
235 314
235 455
235 506
235 553
235 643
235 834
235 897
235 993
235 1095
235 1296
235 1307
235 1395
235 1505
235 1512
235 1705
235 1874
236 333
236 780
236 1125
236 1364
236 1465
236 1583
236 1844
237 329
237 370
237 395
237 501
237 781
237 809
237 1116
237 1174
237 1689
237 1691
237 1711
238 457
238 678
238 1178
239 247
239 275
239 407
239 963
239 966
239 1019
239 1320
239 1631
239 1878
239 1928
240 279
240 316
240 472
240 485
240 554
240 578
240 648
240 710
240 740
240 917
240 1102
240 1323
240 1497
240 1533
240 1556
240 1856
241 693
241 904
241 949
241 1073
241 1564
241 1808
242 288
242 337
242 487
242 714
242 732
242 735
242 788
242 869
242 1376
242 1964
243 250
243 347
243 497
243 637
243 1031
243 1051
243 1725
244 516
244 673
244 1100
244 1175
244 1492
244 1541
244 1655
244 1788
244 1825
244 1829
244 1933
244 1962
245 302
245 749
245 763
245 1374
246 276
246 296
246 303
246 654
246 675
246 1263
247 1123
247 1715
248 319
248 336
248 394
248 532
248 758
248 1250
248 1930
249 442
249 604
250 264
250 483
250 690
250 1011
250 1127
250 1562
251 507
251 566
251 668
251 779
251 956
251 1027
251 1089
251 1390
251 1489
251 1510
251 1552
251 1844
251 1974
252 687
252 922
252 936
252 1522
252 1563
252 1907
253 327
253 385
253 489
253 523
253 542
253 1412
253 1497
253 1638
254 316
254 321
254 426
254 520
254 538
254 585
254 746
254 1625
255 363
255 599
255 718
255 764
255 831
255 859
255 872
255 1312
256 305
256 624
256 1280
257 405
257 477
257 496
257 510
257 1695
258 412
258 1110
258 1194
258 1390
258 1582
259 573
259 1089
259 1098
259 1998
260 287
260 304
260 750
260 1271
260 1355
260 1547
260 1557
260 1661
260 1784
261 1229
261 1768
261 1780
261 1782
261 1840
262 264
262 576
262 587
262 1820
263 388
263 953
263 1217
263 1291
263 1438
263 1726
263 1760
264 367
264 664
264 1271
265 300
265 536
265 620
265 707
265 729
265 797
265 1031
265 1103
265 1310
265 1337
265 1600
265 1608
265 1656
265 1778
265 1787
265 1855
266 293
266 342
266 417
266 511
266 617
266 706
266 726
266 864
266 1008
266 1321
267 398
267 468
267 527
267 560
267 599
267 909
267 924
267 1107
267 1166
267 1367
267 1873
267 1884
269 859
269 1671
270 373
270 397
270 535
270 548
270 612
270 715
270 740
270 1058
270 1567
270 1734
270 1824
271 675
271 837
271 996
271 1314
272 611
272 1206
272 1503
273 313
273 504
273 649
273 775
273 931
273 962
273 1047
273 1562
273 1692
273 1712
273 1765
273 1782
274 431
274 469
274 774
274 933
274 983
274 1024
274 1091
274 1102
274 1418
274 1615
274 1617
274 1818
275 503
275 1933
276 303
276 317
276 355
276 432
276 588
276 717
276 765
276 826
276 906
276 927
276 1860
276 1871
276 1937
277 382
277 409
277 550
277 683
277 854
277 952
277 1230
277 1521
277 1601
277 1866
278 1609
278 1830
279 881
279 1178
279 1426
279 1745
280 448
280 475
280 625
280 1135
280 1492
280 1624
280 1742
281 786
281 808
281 1388
281 1627
282 384
282 493
282 570
282 577
282 686
282 752
282 1039
282 1527
282 1598
282 1948
282 1994
283 338
283 945
283 1415
283 1683
283 1754
284 387
284 602
284 608
284 634
284 837
284 890
284 1043
284 1264
284 1746
285 507
285 540
285 649
285 783
285 807
285 935
285 937
285 939
285 943
285 1068
285 1120
285 1222
285 1499
286 547
286 891
286 1313
286 1352
286 1985
287 298
287 361
287 422
287 423
287 501
287 505
287 645
287 691
287 692
287 904
287 994
287 1070
287 1135
287 1297
287 1356
287 1651
287 1671
287 1806
288 304
288 323
288 351
288 358
288 476
288 526
288 561
288 581
288 873
288 1072
288 1379
288 1453
288 1640
288 1758
289 809
289 1153
289 1255
289 1359
289 1642
289 1803
289 1962
290 484
290 740
290 743
290 888
290 946
290 1254
290 1709
290 1828
291 382
291 436
291 483
291 641
291 704
291 1119
291 1186
291 1257
291 1581
291 1639
291 1691
291 1813
292 409
292 658
292 744
292 1451
292 1616
292 1809
293 337
293 541
293 579
293 677
293 746
293 808
293 1379
293 1707
293 1758
294 354
294 360
294 372
294 845
294 1017
295 302
295 356
295 572
295 839
295 981
296 308
296 690
296 1226
296 1526
297 429
297 637
297 663
297 736
297 854
297 857
297 916
297 1446
297 1703
297 1760
297 1935
297 1938
298 467
298 558
298 766
298 1329
298 1618
299 369
299 909
299 1705
300 324
300 554
300 635
300 1006
301 872
301 1342
301 1465
301 1731
302 323
302 546
302 1325
303 359
303 366
303 847
303 1227
303 1448
303 1766
304 510
304 530
305 446
305 567
305 614
305 639
305 677
305 697
305 713
305 814
305 977
305 1456
305 1755
306 339
306 358
306 552
306 632
306 1064
307 437
307 719
307 738
307 902
307 921
307 1474
307 1569
308 511
308 1030
308 1163
308 1286
308 1318
308 1675
308 1999
309 457
309 460
309 643
309 677
309 814
309 1216
309 1890
310 424
310 665
310 960
310 1275
310 1826
310 1950
311 493
311 979
311 1442
312 350
312 550
312 553
312 672
312 696
312 707
312 1001
312 1085
312 1255
312 1289
312 1391
312 1397
312 1408
313 320
313 468
313 608
313 1069
313 1074
313 1259
314 815
314 900
314 940
314 1598
315 328
315 335
315 495
315 545
315 562
315 752
315 784
315 871
315 920
315 980
315 1087
315 1131
315 1252
315 1267
315 1276
315 1316
315 1395
315 1460
315 1626
315 1750
316 345
316 383
316 434
316 473
316 1519
316 1851
317 367
317 472
317 1261
317 1753
317 1767
317 1997
318 443
318 453
318 459
318 494
318 649
318 697
318 728
318 847
318 965
318 1100
318 1190
318 1197
318 1210
318 1335
318 1709
318 1710
319 377
319 546
319 787
319 827
319 1302
319 1519
319 1909
319 1959
320 650
320 842
320 1433
321 531
321 664
321 668
321 1720
322 642
322 1262
323 759
323 1025
323 1088
323 1196
323 1451
323 1501
323 1658
324 359
324 378
324 625
324 946
324 956
324 1505
324 1690
325 351
325 574
325 706
325 986
325 1368
325 1484
325 1727
326 447
326 613
326 628
326 845
326 975
326 1212
326 1644
326 1661
327 840
327 937
327 1483
327 1683
328 334
328 591
328 827
328 1078
328 1591
328 1962
329 936
330 370
330 518
330 932
330 1201
330 1315
330 1505
330 1596
330 1713
330 1722
331 347
331 544
331 596
331 717
331 822
331 1762
332 366
332 605
332 934
332 1069
332 1461
332 1991
333 347
333 390
333 404
333 897
333 1198
333 1399
333 1712
333 1824
333 1852
334 914
334 1360
334 1752
335 994
336 632
336 1030
336 1594
337 365
337 563
337 1313
338 415
338 592
338 721
338 1045
338 1132
338 1191
338 1553
338 1588
339 387
339 476
339 731
340 415
340 1009
340 1050
340 1083
340 1338
341 602
341 830
341 1854
341 1894
342 850
343 474
343 506
343 539
343 712
343 984
343 1027
343 1244
343 1276
344 410
344 806
344 1522
344 1752
345 390
345 620
345 638
345 761
345 1347
345 1395
345 1421
346 362
346 450
346 516
346 653
346 1180
346 1260
346 1324
346 1432
346 1527
346 1627
347 414
347 583
347 1983
349 566
349 661
349 1114
350 518
350 789
350 868
350 1118
350 1169
350 1311
350 1314
350 1973
351 685
351 830
351 1134
351 1419
351 1846
351 1917
352 988
352 1128
353 482
353 1104
353 1291
353 1572
353 1685
353 1747
353 1874
354 371
354 598
354 769
354 888
354 1024
354 1442
354 1453
354 1520
354 1787
355 572
355 614
355 1336
355 1963
355 1998
357 427
357 496
357 527
357 1394
357 1982
358 927
359 638
360 491
360 905
361 720
361 858
361 1012
361 1233
362 512
362 693
362 1122
362 1207
362 1342
362 1584
362 1814
363 400
363 514
363 584
363 590
363 592
363 861
363 979
363 1099
363 1142
363 1247
363 1259
363 1403
363 1571
363 1587
363 1803
364 383
364 446
364 1237
364 1464
364 1537
365 470
365 603
366 563
366 575
366 1054
366 1151
366 1532
366 1692
367 627
367 678
367 934
367 1186
367 1471
367 1649
367 1888
368 744
368 1167
368 1413
368 1653
368 1820
368 1999
369 436
369 532
369 685
369 760
369 912
369 1042
369 1444
369 1622
369 1731
369 1801
370 590
370 596
370 632
370 707
370 959
371 435
371 674
371 820
371 1344
371 1689
371 1872
372 434
372 845
372 1015
372 1304
372 1685
372 1738
373 717
373 868
373 1321
373 1750
373 1891
374 411
375 676
375 1029
375 1433
375 1434
375 1669
375 1832
376 425
376 659
376 965
377 517
377 543
377 651
377 838
377 1779
378 695
378 809
378 825
378 893
378 1183
379 415
379 499
379 527
379 1224
379 1493
380 479
380 1092
381 407
381 441
381 771
381 918
381 964
381 1250
381 1718
381 1745
381 1907
381 1919
382 531
382 557
382 627
382 778
382 931
383 1796
383 1866
383 1876
384 392
384 494
384 549
384 659
384 715
384 751
384 836
384 911
384 1018
384 1185
384 1515
384 1537
384 1886
384 1934
385 448
385 810
385 924
385 1004
385 1277
385 1356
386 993
386 1335
386 1831
386 1910
387 727
387 949
387 1634
388 490
388 529
388 1261
388 1404
388 1670
388 1704
388 1732
388 1915
388 1929
389 471
389 492
389 1041
389 1126
389 1281
389 1808
389 1865
389 1958
389 1967
390 1297
391 471
391 809
391 1834
391 1992
392 642
392 1317
392 1363
392 1408
392 1881
393 427
393 453
393 575
393 1098
393 1714
394 670
394 1253
395 944
395 1391
395 1571
395 1893
396 849
396 1760
396 1778
396 1790
397 589
397 654
397 1238
397 1912
398 846
398 1080
398 1282
398 1843
398 1849
399 461
399 572
399 671
399 893
399 1004
399 1149
399 1238
399 1359
399 1963
400 874
400 1217
400 1353
400 1389
400 1637
400 1739
401 526
401 839
401 1493
401 1665
402 898
403 876
404 438
404 725
404 1295
404 1987
405 627
405 711
405 712
405 1765
406 445
406 636
406 722
406 735
406 1138
406 1256
406 1358
406 1584
406 1644
406 1807
406 1871
407 613
407 1616
408 797
408 1011
408 1302
408 1728
409 582
409 1552
410 539
410 593
410 690
410 1308
410 1769
411 549
411 750
411 860
411 1387
411 1485
411 1858
412 590
412 666
412 1277
412 1470
412 1960
413 439
413 576
413 1015
413 1827
414 746
414 881
414 1231
414 1458
414 1581
415 459
415 577
415 688
415 1016
415 1287
415 1357
415 1828
417 503
417 691
418 667
418 751
418 1023
418 1084
418 1144
418 1187
418 1513
418 1807
419 665
419 882
419 889
419 1825
420 453
420 458
420 525
420 739
420 818
420 940
420 1130
420 1372
420 1591
421 512
421 609
421 724
422 488
422 502
422 976
422 1947
423 1006
423 1098
423 1518
423 1811
424 451
424 910
424 998
425 551
425 858
425 1170
425 1400
425 1892
426 571
426 765
427 486
427 600
427 642
427 1349
427 1659
428 737
428 810
429 663
429 1523
429 1589
431 1658
431 1816
432 844
432 1101
432 1125
432 1363
432 1859
432 1980
433 584
433 595
433 850
433 853
433 979
433 1120
433 1159
433 1421
434 617
434 1158
434 1171
434 1177
434 1226
434 1640
434 1726
435 689
435 936
435 1188
435 1264
435 1467
436 950
436 1977
437 486
437 709
437 1436
437 1507
437 1659
438 548
438 624
438 1399
439 605
439 727
439 948
439 1034
440 442
440 513
440 537
440 568
440 693
440 1209
440 1648
441 464
441 988
441 1266
442 846
442 1243
442 1542
443 595
443 747
443 902
443 1099
443 1169
443 1319
443 1789
443 1806
443 1995
444 481
444 755
444 876
444 1511
444 1915
445 492
445 541
446 1191
446 1246
446 1608
447 888
447 1475
447 1601
448 773
448 1582
448 1619
449 1005
449 1061
449 1749
450 893
450 898
450 1003
450 1206
450 1256
450 1424
450 1513
450 1667
451 1016
451 1480
451 1494
452 534
453 470
453 715
453 1172
453 1356
453 1926
454 498
454 796
454 1080
454 1291
455 581
455 899
455 1459
455 1595
456 823
456 1068
456 1855
457 974
457 1772
458 713
458 792
458 883
458 1354
459 742
459 906
459 1273
459 1783
460 483
460 488
460 722
460 741
460 1066
460 1153
460 1157
461 502
461 567
461 921
461 1117
461 1181
461 1215
461 1568
461 1610
461 1723
461 1849
462 471
462 477
462 480
462 553
462 678
462 725
462 841
462 1145
462 1291
462 1856
463 469
463 709
463 938
463 1606
464 942
464 1845
465 800
465 881
465 1401
466 1774
466 1897
467 785
467 1283
467 1436
468 666
468 782
468 1185
468 1189
468 1346
468 1488
468 1814
469 662
469 819
470 1184
470 1914
471 1350
471 1597
473 582
473 626
473 763
473 968
473 1615
473 1662
474 770
474 929
474 1577
475 834
475 1014
475 1397
475 1498
475 1707
475 1765
475 1978
476 513
476 560
476 768
476 894
476 1765
476 1844
477 773
478 1131
478 1371
478 1735
479 780
479 801
479 857
479 875
479 896
479 1047
480 640
480 699
480 723
480 774
480 841
480 892
480 947
480 972
480 1236
480 1344
481 759
481 875
481 1214
481 1412
482 543
482 1389
482 1682
483 655
483 731
483 1654
484 1484
485 623
485 1018
485 1168
485 1240
485 1562
485 1646
487 500
487 551
487 768
487 1339
487 1912
488 521
488 611
488 653
488 779
488 879
488 1017
488 1055
488 1187
488 1222
488 1305
488 1482
488 1688
488 1745
489 595
489 1162
489 1232
489 1544
490 1132
490 1197
490 1208
491 505
491 658
491 702
491 982
491 1067
491 1197
491 1227
491 1360
492 606
492 892
492 894
492 974
492 1560
492 1778
493 521
493 779
493 1028
493 1435
493 1485
493 1495
493 1800
494 644
494 680
494 903
494 977
494 986
494 1051
494 1059
494 1275
494 1474
494 1797
494 1863
494 1871
494 1982
495 1764
495 1874
495 1877
496 970
496 1046
496 1079
497 569
497 841
497 969
497 1127
497 1419
497 1892
498 873
498 1728
498 1790
498 1840
500 539
500 601
500 801
500 817
500 915
500 1709
501 987
501 1147
502 510
502 843
502 958
502 1075
502 1161
502 1456
502 1491
502 1696
503 519
503 607
503 932
503 1093
503 1355
503 1626
503 1734
504 1170
504 1540
505 691
505 1274
505 1643
506 1827
506 1908
507 658
507 945
507 951
507 1231
507 1459
507 1524
508 1726
509 745
509 1225
509 1781
510 745
510 1202
510 1751
511 1417
511 1579
512 516
512 1026
512 1945
513 973
514 581
514 689
515 991
516 1174
517 668
517 863
517 1040
517 1129
517 1336
517 1664
517 1948
518 544
518 725
518 758
518 842
518 860
518 1047
518 1306
518 1464
518 1766
518 1934
519 707
519 1429
519 1664
519 1887
520 1221
520 1470
520 1860
520 1878
521 612
521 1396
521 1481
521 1879
522 621
522 629
522 1234
522 1298
522 1465
522 1507
522 1666
523 640
523 693
523 701
523 894
523 1267
523 1406
523 1971
524 1203
524 1630
524 1669
525 1663
526 564
526 1370
526 1633
526 1816
526 1960
527 1980
528 538
528 832
528 1770
528 1864
529 541
529 753
529 950
529 967
529 1055
530 1177
530 1561
531 664
531 696
532 1054
532 1152
532 1925
533 1080
533 1103
533 1757
533 1809
534 1299
534 1620
535 740
535 838
535 1853
536 1462
536 1649
536 1895
538 1501
540 652
540 807
540 1042
540 1148
540 1706
541 1041
542 617
542 1346
542 1763
542 1983
543 1096
543 1838
544 883
544 1042
544 1056
544 1438
544 1647
544 1655
544 1729
544 1789
544 1798
545 634
545 768
546 587
546 890
546 1838
547 586
547 1099
547 1521
548 790
548 1059
549 1047
549 1364
550 815
550 1138
551 777
551 1249
552 569
552 1402
553 904
553 1366
554 675
554 726
554 1001
554 1427
554 1577
554 1600
555 698
555 759
555 1072
556 1543
556 1729
557 835
557 1224
557 1343
557 1793
557 1817
558 728
558 895
558 1063
558 1145
558 1161
558 1385
558 1434
558 1909
559 1639
559 1864
560 1485
560 1553
561 1019
561 1166
561 1193
561 1311
561 1373
561 1605
561 1614
562 1114
563 604
563 826
563 835
563 1529
564 602
564 911
564 940
564 1219
564 1486
566 610
566 721
566 733
566 784
566 1076
566 1293
566 1410
566 1467
567 926
567 1819
567 1946
568 1817
569 1010
569 1542
569 1739
569 1797
570 821
571 916
571 1149
571 1695
572 1279
572 1424
573 603
573 953
573 1751
574 872
574 954
574 997
574 1150
574 1736
575 719
577 1351
577 1466
577 1985
578 1023
578 1063
578 1119
578 1326
578 1463
579 598
579 747
579 1427
580 993
580 1255
581 752
581 862
581 1050
581 1303
581 1350
581 1522
581 1724
581 1877
582 1064
582 1891
583 1087
583 1263
583 1566
583 1748
584 587
585 720
585 1000
585 1435
586 1286
586 1757
587 831
587 1180
587 1589
587 1867
588 955
588 1908
589 743
589 1320
590 1556
590 1836
590 1957
592 1142
593 720
593 815
593 1988
594 1120
594 1256
594 1499
594 1900
595 1581
595 1989
596 795
598 1361
599 655
599 784
599 947
599 1066
599 1292
599 1328
599 1338
599 1566
599 1799
599 1810
600 908
600 996
600 1411
600 1853
600 1908
600 1968
601 749
603 656
603 762
603 863
603 1257
603 1333
603 1338
603 1363
603 1555
603 1680
604 717
604 878
604 903
604 1647
605 651
605 914
605 1079
605 1361
605 1500
605 1731
605 1743
605 1825
605 1873
606 867
607 702
607 824
607 1599
607 1746
608 701
608 811
608 942
608 1491
608 1737
608 1920
609 852
609 1078
609 1479
609 1523
609 1524
609 1885
610 708
610 791
610 1044
610 1326
610 1429
610 1473
610 1659
610 1890
612 1443
613 716
613 757
613 947
613 1403
613 1512
614 971
615 636
615 828
615 910
615 958
615 1332
615 1520
615 1645
616 625
616 1997
617 877
617 1400
617 1454
618 721
618 1503
619 1018
619 1868
620 712
620 1466
620 1735
621 1596
621 1807
622 635
622 669
622 760
622 1495
622 1600
622 1858
623 672
623 1606
623 1681
623 1883
624 761
624 887
624 984
625 1361
625 1398
626 633
626 749
626 1941
627 1056
627 1146
627 1272
627 1348
627 1453
627 1674
627 1860
628 869
628 1129
628 1407
628 1475
628 1910
628 1984
629 840
630 776
630 1269
630 1719
630 1779
631 1010
631 1134
631 1521
631 1526
631 1995
632 1038
632 1225
632 1229
632 1793
633 1821
634 1394
634 1602
635 687
635 692
636 682
638 1080
638 1133
638 1269
638 1369
638 1431
638 1489
639 796
639 943
640 1254
641 1432
641 1842
642 1163
642 1211
642 1223
642 1715
642 1848
643 950
643 1186
643 1496
644 1990
645 764
646 793
646 1638
647 976
647 1038
649 695
649 738
649 817
649 920
649 942
649 1339
650 1877
651 653
651 1518
652 701
652 729
653 750
653 1391
653 1744
654 756
654 935
654 1218
654 1253
654 1254
654 1437
654 1820
654 1868
655 1191
655 1288
655 1850
656 688
656 968
656 972
656 995
656 1081
656 1922
657 672
657 1334
657 1353
657 1369
657 1469
657 1746
658 856
658 1525
658 1636
658 1846
658 1925
659 1165
659 1279
661 867
661 1244
661 1446
661 1520
661 1531
662 673
662 1075
662 1947
663 963
663 1011
663 1712
664 934
664 961
664 1995
665 843
665 1094
665 1301
665 1605
666 863
666 907
666 989
666 1084
666 1137
666 1676
666 1716
667 741
667 785
667 822
667 997
667 1365
667 1498
667 1540
667 1604
667 1656
668 802
668 1308
668 1626
669 729
669 756
669 1368
670 700
670 892
670 1650
671 782
672 737
672 797
672 928
672 1114
672 1167
672 1516
672 1996
673 683
673 940
673 1023
673 1411
674 1662
675 768
675 1095
675 1195
675 1438
677 1066
677 1543
677 1631
678 679
679 1316
679 1416
680 970
680 1266
680 1541
680 1684
681 895
682 689
682 1035
682 1181
682 1644
684 1547
685 812
685 1619
686 1020
686 1247
686 1461
687 1247
687 1548
687 1558
687 1767
687 1796
687 1841
688 777
688 1033
688 1093
688 1322
689 716
689 818
689 1774
691 881
691 941
691 975
691 1158
691 1202
691 1215
692 884
692 1037
692 1137
692 1234
692 1383
692 1655
692 1824
692 1954
693 889
693 1372
694 732
694 853
694 1176
694 1846
694 1876
694 1969
695 818
695 1062
695 1344
696 1452
697 1963
698 704
698 1192
698 1500
698 1609
699 778
700 725
700 790
700 903
700 1273
700 1416
700 1784
700 1827
700 1870
701 1205
701 1428
701 1859
702 939
702 1646
704 998
705 899
705 1044
705 1161
705 1365
706 790
706 1200
706 1518
706 1629
707 722
707 1139
707 1146
708 1348
708 1929
709 1119
709 1196
709 1413
710 836
710 1284
710 1918
710 1950
710 1970
711 773
711 1154
711 1890
712 1193
712 1414
712 1670
712 1828
713 779
713 836
713 991
713 1495
713 1550
714 1060
714 1250
715 1136
716 1165
716 1355
717 1265
718 1111
718 1945
719 767
719 961
719 1121
719 1329
719 1904
719 1997
720 855
720 1412
720 1478
720 1966
721 937
721 1617
722 1906
722 1907
726 960
726 992
726 1441
728 943
728 1805
729 970
729 1432
730 1176
731 807
731 1050
731 1055
731 1262
731 1304
731 1434
731 1437
731 1546
731 1679
731 1927
732 1977
734 849
734 914
734 1831
734 1878
735 1616
736 836
737 869
737 1425
737 1551
738 1559
739 741
739 948
739 1462
739 1487
739 1503
739 1672
742 1881
743 805
743 957
743 1265
743 1408
743 1642
744 853
744 1113
744 1124
744 1177
744 1182
744 1447
744 1458
744 1608
745 1186
745 1196
745 1217
745 1854
746 772
746 1224
746 1264
746 1776
746 1834
746 1980
747 1483
748 885
748 898
748 1579
749 1521
750 1548
750 1988
751 828
751 1160
751 1298
751 1984
752 793
752 811
752 997
752 1228
752 1448
752 1618
753 1677
754 969
754 1426
755 780
755 830
755 1577
756 813
756 926
756 983
756 1071
756 1611
757 823
757 1090
757 1228
757 1539
757 1663
757 1783
759 808
760 798
760 1060
760 1107
760 1756
761 1534
761 1602
762 1034
762 1323
762 1477
762 1801
763 1105
763 1663
763 1701
763 1811
764 1428
764 1948
765 1714
766 1011
766 1557
767 938
767 1090
767 1198
767 1312
767 1424
767 1481
767 1743
767 1906
768 1111
769 1656
770 794
770 828
770 1030
770 1559
771 1531
772 1086
772 1282
772 1285
772 1695
773 957
773 995
773 1125
773 1208
773 1290
773 1324
773 1680
773 1812
773 1862
774 948
774 984
774 1037
774 1061
774 1117
774 1161
774 1658
774 1888
775 891
775 998
775 1115
775 1235
775 1304
775 1382
775 1985
776 1110
776 1309
777 884
777 1518
778 1565
779 1126
779 1554
780 1281
780 1317
780 1330
780 1636
780 1815
780 1869
781 1302
782 807
783 874
783 992
783 1054
784 1229
784 1428
786 1273
787 885
787 1007
787 1087
787 1357
787 1475
787 1796
787 1916
788 887
788 1206
788 1550
789 987
790 902
790 1008
790 1116
790 1901
791 811
791 843
791 1027
792 1661
793 1207
793 1488
793 1771
794 1106
796 1458
797 1077
798 1445
798 1477
798 1937
799 846
799 965
799 1360
800 869
800 1342
800 1466
800 1578
801 813
801 851
801 1260
802 1363
802 1955
803 958
803 1653
804 967
804 1262
804 1336
804 1352
805 1704
805 1794
805 1965
806 858
806 919
807 1137
808 842
808 1155
808 1530
808 1535
809 905
809 1144
809 1183
809 1349
809 1863
810 1440
811 1130
812 1556
814 898
814 1832
815 890
815 895
815 896
815 960
815 1102
816 817
816 1230
816 1506
817 1268
818 877
818 1121
818 1911
819 1014
820 1052
820 1053
820 1106
820 1525
820 1694
822 1252
822 1501
822 1641
822 1710
823 1018
823 1091
823 1473
824 949
824 1740
825 1081
825 1155
825 1325
826 847
826 1045
826 1611
826 1749
826 1881
827 1223
830 1115
830 1384
830 1706
831 932
831 1885
833 1780
834 915
834 1354
835 1979
836 1168
836 1294
839 1112
840 1386
841 1140
842 853
842 1052
842 1057
842 1491
842 1548
842 1727
844 941
844 1710
845 1110
845 1258
845 1301
845 1331
845 1836
847 1028
847 1070
847 1225
847 1517
847 1761
847 1861
848 1166
849 906
849 1567
849 1953
850 921
850 1058
850 1202
851 1079
851 1612
852 1003
852 1014
853 1221
853 1265
853 1603
853 1841
854 963
855 1370
855 1502
855 1839
855 1895
855 1940
857 877
857 1157
859 901
859 1009
859 1392
859 1610
859 1769
860 1448
862 1089
862 1097
862 1117
862 1246
862 1405
862 1533
863 910
864 1845
864 1896
865 1005
865 1434
866 1815
867 1069
867 1680
867 1934
868 1287
868 1895
869 1253
869 1679
870 944
871 1310
872 1138
872 1885
873 1478
873 1925
874 892
876 1461
876 1767
878 1331
878 1613
879 1004
879 1596
880 931
880 1144
880 1226
881 886
881 1312
881 1601
881 1938
882 885
882 1973
883 1203
883 1443
883 1737
884 1460
885 1482
886 908
886 1040
886 1221
886 1564
887 1976
888 944
888 952
888 1046
888 1416
889 1398
890 1281
891 1048
891 1238
891 1416
891 1585
892 904
892 1150
893 1526
893 1640
893 1676
894 983
894 1324
895 996
895 1094
895 1385
895 1562
895 1628
897 1741
897 1936
898 959
898 1480
898 1509
898 1811
898 1895
898 1917
900 1525
901 1350
901 1611
901 1761
902 1159
902 1167
904 1408
905 1775
905 1795
906 1362
909 1487
909 1704
910 1102
910 1762
911 1651
913 924
913 1573
913 1923
914 1546
914 1571
914 1623
914 1823
915 1120
915 1804
915 1822
917 1304
917 1429
917 1861
917 1865
917 1869
917 1899
918 1040
918 1515
918 1641
918 1680
919 1252
920 1246
920 1810
921 1306
921 1362
921 1439
921 1532
922 1022
922 1072
922 1479
923 1753
924 960
926 1141
927 1006
928 1725
929 1158
929 1162
929 1361
929 1538
929 1703
931 1352
931 1564
932 1053
932 1096
933 1340
933 1527
935 1450
935 1698
936 1251
936 1801
937 1160
937 1541
939 990
939 1035
940 1383
940 1565
940 1834
941 1345
941 1920
942 1375
942 1464
942 1786
943 969
943 1175
943 1899
944 1041
944 1570
945 1213
945 1246
945 1396
945 1415
946 1926
946 1956
946 1958
947 1736
947 1853
949 1367
950 1371
951 1057
951 1070
951 1462
951 1667
951 1813
951 1843
951 1969
952 1226
952 1471
953 1568
953 1833
954 1012
954 1654
954 1781
956 1056
956 1170
956 1564
956 1788
956 1847
956 1892
957 1190
957 1303
957 1652
957 1986
958 1081
959 1374
960 1469
961 963
961 1236
961 1300
963 1396
963 1616
964 1140
964 1549
964 1800
965 1374
967 1068
967 1109
967 1971
969 1242
969 1500
973 1078
974 1716
975 1213
976 1561
978 1700
978 1900
979 1235
980 1267
980 1422
980 1446
980 1961
981 1211
982 1627
983 1351
983 1412
984 1032
984 1064
984 1536
987 1173
987 1646
987 1679
988 1340
989 1038
989 1505
990 1829
991 1553
992 1407
993 1145
993 1149
993 1783
994 1388
995 1082
995 1293
996 1146
996 1320
996 1672
996 1814
997 1105
998 1159
998 1595
998 1742
999 1470
999 1902
1000 1449
1000 1558
1001 1014
1001 1127
1002 1067
1002 1717
1003 1551
1003 1605
1003 1624
1003 1764
1004 1435
1004 1781
1005 1635
1006 1156
1006 1889
1008 1829
1012 1729
1012 1862
1013 1051
1013 1732
1014 1472
1015 1171
1015 1665
1016 1807
1018 1128
1019 1271
1019 1610
1019 1737
1019 1785
1019 1805
1020 1368
1020 1782
1021 1696
1021 1879
1022 1236
1022 1414
1023 1937
1024 1241
1024 1964
1026 1243
1026 1590
1026 1773
1026 1905
1027 1145
1028 1218
1028 1539
1029 1369
1030 1216
1030 1272
1030 1284
1030 1514
1031 1060
1031 1438
1031 1941
1031 1988
1031 1997
1032 1278
1033 1136
1033 1384
1033 1642
1034 1595
1034 1819
1036 1200
1036 1328
1036 1775
1037 1039
1037 1147
1037 1480
1037 1693
1038 1074
1038 1143
1038 1790
1038 1882
1038 1943
1038 1992
1039 1208
1039 1751
1040 1850
1040 1854
1042 1134
1044 1062
1044 1436
1044 1705
1045 1091
1046 1104
1046 1280
1046 1378
1048 1379
1048 1423
1048 1835
1049 1285
1049 1575
1050 1471
1052 1315
1053 1337
1053 1417
1053 1843
1056 1468
1057 1093
1057 1197
1057 1204
1061 1432
1061 1447
1061 1753
1061 1915
1062 1602
1062 1848
1062 1932
1063 1073
1063 1472
1064 1109
1064 1951
1064 1975
1064 1998
1065 1307
1065 1748
1065 1901
1068 1403
1069 1075
1069 1678
1069 1699
1069 1917
1069 1950
1070 1082
1070 1108
1070 1245
1070 1574
1070 1730
1070 1857
1072 1487
1072 1522
1072 1612
1072 1959
1073 1427
1074 1218
1074 1588
1074 1979
1075 1196
1076 1512
1076 1644
1077 1524
1078 1652
1078 1981
1079 1803
1080 1747
1080 1974
1081 1139
1081 1259
1081 1272
1081 1834
1081 1992
1082 1123
1082 1159
1082 1217
1082 1370
1082 1689
1084 1165
1085 1382
1085 1420
1086 1660
1087 1431
1087 1614
1088 1871
1089 1123
1090 1469
1091 1121
1091 1148
1093 1400
1094 1622
1094 1820
1095 1836
1096 1214
1099 1403
1100 1386
1101 1360
1101 1369
1101 1607
1103 1381
1103 1575
1103 1762
1103 1809
1103 1964
1104 1173
1104 1685
1105 1139
1105 1279
1106 1290
1106 1376
1106 1419
1106 1506
1106 1535
1106 1606
1107 1841
1109 1139
1109 1492
1109 1707
1110 1248
1110 1620
1110 1933
1112 1686
1112 1826
1112 1899
1113 1179
1113 1839
1115 1270
1117 1240
1117 1442
1117 1638
1117 1986
1119 1723
1120 1702
1123 1366
1123 1833
1126 1927
1127 1170
1130 1837
1131 1373
1133 1172
1133 1220
1133 1414
1133 1456
1136 1544
1136 1609
1136 1791
1137 1904
1140 1481
1140 1728
1140 1788
1140 1952
1140 1981
1144 1659
1144 1808
1145 1524
1145 1735
1148 1275
1148 1289
1148 1344
1148 1665
1148 1901
1149 1746
1150 1270
1150 1421
1150 1745
1151 1623
1152 1210
1152 1506
1152 1899
1152 1991
1153 1580
1155 1364
1155 1500
1157 1413
1157 1876
1157 1888
1160 1929
1161 1257
1161 1611
1163 1878
1164 1473
1164 1797
1164 1875
1165 1985
1166 1347
1169 1334
1169 1996
1171 1658
1173 1444
1173 1676
1173 1785
1174 1294
1175 1719
1175 1759
1176 1348
1176 1461
1177 1442
1177 1670
1177 1697
1178 1293
1179 1223
1179 1384
1179 1692
1180 1636
1181 1310
1181 1353
1182 1189
1182 1604
1183 1402
1183 1808
1183 1942
1184 1287
1185 1523
1185 1696
1187 1706
1187 1821
1190 1367
1191 1295
1191 1534
1191 1817
1192 1903
1194 1222
1197 1597
1197 1748
1197 1910
1199 1447
1202 1371
1203 1570
1203 1744
1207 1569
1207 1959
1208 1455
1208 1780
1209 1263
1209 1345
1209 1371
1209 1595
1211 1952
1213 1397
1213 1431
1213 1469
1213 1482
1213 1957
1214 1221
1214 1663
1215 1377
1215 1541
1218 1220
1219 1636
1220 1866
1222 1804
1223 1619
1224 1387
1225 1517
1226 1417
1228 1886
1229 1401
1231 1237
1233 1901
1234 1245
1234 1273
1234 1354
1234 1840
1235 1306
1235 1331
1236 1550
1236 1621
1239 1812
1239 1913
1239 1945
1241 1969
1242 1315
1243 1898
1244 1323
1244 1340
1244 1897
1244 1932
1245 1612
1246 1445
1247 1794
1247 1884
1249 1925
1250 1528
1250 1529
1254 1346
1254 1499
1254 1686
1255 1271
1256 1317
1258 1980
1259 1300
1261 1563
1262 1346
1262 1493
1263 1394
1264 1324
1266 1449
1266 1653
1267 1441
1267 1627
1267 1946
1269 1333
1269 1439
1269 1477
1269 1879
1270 1618
1272 1332
1272 1676
1273 1966
1274 1547
1275 1870
1278 1770
1278 1920
1280 1400
1280 1502
1283 1721
1284 1549
1284 1919
1284 1968
1285 1554
1287 1559
1289 1436
1290 1554
1292 1991
1293 1375
1293 1761
1293 1862
1293 1958
1294 1509
1296 1822
1297 1392
1297 1682
1297 1688
1298 1718
1298 1864
1300 1381
1302 1664
1302 1818
1303 1376
1304 1771
1305 1921
1314 1587
1315 1624
1315 1754
1316 1771
1317 1649
1317 1932
1318 1488
1318 1872
1320 1357
1322 1645
1324 1678
1325 1539
1328 1339
1328 1637
1329 1567
1329 1763
1330 1531
1331 1415
1332 1686
1333 1409
1333 1455
1333 1621
1333 1637
1333 1797
1335 1449
1337 1422
1337 1542
1337 1682
1337 1939
1338 1791
1341 1923
1343 1875
1344 1523
1344 1702
1345 1378
1345 1380
1346 1640
1346 1764
1348 1819
1351 1955
1355 1372
1357 1454
1357 1753
1357 1803
1357 1818
1357 1887
1357 1973
1358 1845
1358 1851
1359 1566
1363 1667
1365 1787
1366 1733
1370 1865
1371 1813
1373 1382
1373 1737
1373 1817
1374 1675
1374 1850
1376 1826
1377 1686
1377 1741
1380 1430
1380 1433
1381 1512
1382 1443
1382 1672
1382 1964
1386 1744
1388 1953
1390 1551
1391 1645
1392 1763
1393 1701
1394 1422
1395 1407
1396 1802
1398 1863
1398 1943
1400 1848
1406 1455
1408 1427
1408 1584
1408 1798
1410 1579
1410 1589
1410 1612
1410 1971
1413 1786
1414 1648
1418 1634
1419 1777
1421 1931
1423 1440
1423 1829
1424 1445
1424 1508
1424 1902
1424 1949
1426 1580
1426 1719
1426 1776
1427 1467
1428 1718
1429 1883
1430 1794
1430 1982
1432 1772
1436 1549
1437 1600
1437 1677
1440 1497
1441 1810
1442 1596
1442 1693
1444 1603
1446 1476
1447 1451
1447 1452
1447 1465
1447 1657
1447 1994
1449 1662
1449 1732
1450 1486
1450 1543
1450 1671
1451 1870
1452 1721
1452 1756
1452 1860
1452 1979
1457 1485
1457 1890
1466 1513
1466 1527
1466 1657
1469 1804
1474 1514
1475 1637
1477 1545
1478 1569
1481 1604
1481 1898
1482 1668
1482 1774
1483 1569
1483 1714
1492 1699
1492 1784
1495 1705
1495 1832
1501 1648
1502 1967
1505 1990
1508 1629
1509 1759
1510 1894
1510 1930
1510 1955
1513 1975
1515 1754
1516 1702
1518 1777
1520 1738
1520 1931
1521 1927
1526 1530
1526 1599
1526 1657
1529 1630
1529 1632
1530 1538
1530 1889
1532 1838
1533 1578
1533 1782
1535 1949
1537 1554
1539 1682
1539 1768
1540 1706
1544 1594
1545 1635
1546 1591
1547 1559
1556 1776
1556 1993
1557 1711
1558 1614
1560 1567
1560 1700
1560 1839
1561 1681
1562 1563
1562 1847
1564 1673
1566 1785
1569 1916
1570 1694
1570 1724
1571 1698
1571 1916
1571 1995
1577 1668
1580 1976
1582 1859
1582 1943
1584 1883
1585 1903
1585 1977
1587 1613
1587 1738
1593 1697
1593 1967
1595 1608
1595 1720
1595 1738
1600 1944
1602 1784
1603 1723
1605 1669
1609 1958
1613 1626
1617 1918
1618 1852
1623 1930
1626 1844
1627 1646
1627 1683
1628 1749
1629 1893
1632 1741
1640 1935
1642 1711
1647 1791
1653 1729
1656 1781
1657 1951
1658 1713
1658 1959
1662 1673
1666 1969
1667 1861
1675 1930
1681 1740
1682 1880
1684 1814
1688 1830
1688 1848
1689 1842
1692 1724
1693 1762
1696 1938
1700 1793
1702 1750
1703 1946
1706 1886
1708 1733
1712 1741
1712 1872
1714 1719
1716 1772
1724 1867
1731 1968
1732 1777
1735 1984
1745 1891
1756 1816
1758 1856
1760 1911
1761 1837
1761 1864
1762 1937
1762 1943
1770 1794
1788 1923
1790 1849
1790 1853
1795 1924
1802 1944
1805 1870
1817 1887
1820 1876
1823 1900
1828 1976
1836 1892
1863 1947
1863 1983
1864 1949
1867 1975
1869 1897
1871 1956
1881 1941
1884 1893
1888 1912
1889 1996
1940 1953
