0 1
0 2
0 3
0 4
0 5
0 6
0 7
0 8
0 9
0 10
0 11
0 12
0 15
0 16
0 17
0 18
0 21
0 23
0 25
0 27
0 28
0 30
0 34
0 35
0 38
0 39
0 45
0 59
0 61
0 62
0 64
0 65
0 68
0 78
0 90
0 94
0 101
0 106
0 108
0 109
0 111
0 121
0 139
0 141
0 144
0 149
0 152
0 154
0 155
0 159
0 163
0 164
0 169
0 171
0 176
0 181
0 188
0 192
0 196
0 203
0 204
0 205
0 207
0 211
0 213
0 215
0 251
0 278
0 279
0 280
0 289
0 295
0 304
0 336
0 346
0 353
0 358
0 363
0 387
0 409
0 410
0 413
0 415
0 417
0 429
0 437
0 440
0 442
0 447
0 455
0 496
0 502
0 506
0 508
0 510
0 514
0 517
0 530
0 533
0 540
0 557
0 574
0 575
0 579
0 588
0 599
0 626
0 635
0 638
0 677
0 680
0 683
0 727
0 743
0 751
0 767
0 785
0 809
0 813
0 815
0 832
0 852
0 867
0 887
0 904
0 905
0 917
0 922
0 938
0 948
0 951
0 969
0 970
1 6
1 10
1 25
1 26
1 40
1 50
1 60
1 85
1 113
1 116
1 157
1 167
1 191
1 219
1 222
1 233
1 241
1 265
1 288
1 310
1 316
1 348
1 391
1 406
1 419
1 449
1 456
1 462
1 472
1 500
1 510
1 525
1 536
1 569
1 646
1 978
2 5
2 9
2 11
2 14
2 15
2 18
2 19
2 20
2 30
2 45
2 65
2 67
2 68
2 76
2 89
2 110
2 125
2 127
2 172
2 179
2 183
2 195
2 196
2 207
2 239
2 242
2 251
2 264
2 269
2 273
2 274
2 319
2 320
2 360
2 361
2 387
2 405
2 406
2 491
2 510
2 549
2 580
2 611
2 623
2 680
2 711
2 713
2 746
2 761
2 767
2 776
2 787
2 866
2 898
2 902
2 943
2 990
3 5
3 6
3 7
3 8
3 9
3 13
3 15
3 18
3 19
3 25
3 28
3 41
3 44
3 46
3 48
3 50
3 52
3 54
3 66
3 69
3 76
3 77
3 82
3 83
3 95
3 113
3 118
3 119
3 137
3 140
3 163
3 164
3 176
3 201
3 211
3 246
3 252
3 259
3 263
3 271
3 276
3 309
3 325
3 327
3 336
3 342
3 423
3 434
3 451
3 458
3 503
3 560
3 585
3 590
3 656
3 693
3 742
3 770
3 773
3 799
3 831
3 858
3 878
3 899
3 960
4 5
4 7
4 8
4 30
4 38
4 52
4 72
4 88
4 91
4 92
4 120
4 128
4 131
4 149
4 162
4 187
4 191
4 204
4 208
4 300
4 311
4 319
4 321
4 391
4 415
4 435
4 518
4 527
4 548
4 589
4 592
4 623
4 677
4 711
4 732
4 747
4 773
4 806
4 817
4 879
4 969
5 6
5 7
5 12
5 14
5 15
5 16
5 17
5 20
5 23
5 29
5 31
5 32
5 33
5 46
5 53
5 59
5 67
5 73
5 82
5 85
5 88
5 97
5 108
5 118
5 127
5 149
5 164
5 175
5 180
5 258
5 307
5 311
5 324
5 345
5 366
5 389
5 394
5 453
5 469
5 472
5 478
5 544
5 553
5 557
5 644
5 656
5 663
5 665
5 673
5 675
5 689
5 692
5 694
5 718
5 719
5 749
5 757
5 764
5 784
5 801
5 818
5 834
5 845
5 893
5 918
5 999
6 8
6 9
6 11
6 12
6 22
6 28
6 36
6 43
6 45
6 60
6 77
6 78
6 85
6 94
6 105
6 109
6 122
6 138
6 140
6 161
6 179
6 225
6 285
6 299
6 310
6 313
6 320
6 327
6 331
6 353
6 367
6 372
6 407
6 433
6 485
6 515
6 547
6 548
6 562
6 565
6 574
6 593
6 606
6 638
6 687
6 706
6 727
6 765
6 772
6 798
6 826
6 843
6 892
6 933
6 958
6 977
6 987
7 10
7 35
7 50
7 59
7 86
7 102
7 232
7 246
7 279
7 282
7 317
7 331
7 359
7 362
7 364
7 441
7 443
7 449
7 459
7 470
7 546
7 639
7 690
7 797
7 813
7 891
7 895
8 10
8 30
8 33
8 99
8 153
8 165
8 208
8 233
8 239
8 245
8 280
8 337
8 355
8 390
8 397
8 432
8 453
8 517
8 540
8 601
8 664
8 816
8 820
8 821
8 860
8 949
8 957
8 968
9 11
9 12
9 13
9 14
9 16
9 18
9 19
9 20
9 21
9 25
9 26
9 27
9 28
9 29
9 33
9 36
9 47
9 56
9 57
9 58
9 59
9 63
9 64
9 69
9 73
9 75
9 81
9 86
9 87
9 89
9 92
9 107
9 110
9 125
9 145
9 153
9 155
9 156
9 159
9 202
9 214
9 238
9 266
9 273
9 275
9 321
9 338
9 344
9 347
9 352
9 368
9 375
9 408
9 429
9 471
9 495
9 499
9 506
9 534
9 535
9 550
9 551
9 555
9 614
9 626
9 627
9 654
9 687
9 696
9 714
9 724
9 731
9 734
9 737
9 739
9 755
9 790
9 825
9 826
9 827
9 835
9 871
9 951
9 974
9 981
9 989
10 22
10 24
10 66
10 163
10 202
10 294
10 372
10 379
10 423
10 482
10 535
10 612
10 802
10 891
10 907
10 986
11 13
11 16
11 20
11 29
11 58
11 74
11 80
11 93
11 95
11 125
11 130
11 132
11 134
11 142
11 146
11 148
11 169
11 177
11 224
11 235
11 236
11 257
11 273
11 291
11 359
11 377
11 400
11 422
11 440
11 455
11 542
11 557
11 564
11 576
11 629
11 637
11 662
11 668
11 737
11 743
11 764
11 788
11 796
11 821
11 837
11 852
11 862
11 884
11 946
11 964
11 982
12 13
12 14
12 17
12 21
12 23
12 24
12 34
12 37
12 44
12 47
12 53
12 54
12 55
12 67
12 69
12 81
12 84
12 91
12 98
12 99
12 108
12 114
12 116
12 177
12 205
12 213
12 214
12 227
12 236
12 253
12 285
12 307
12 312
12 314
12 326
12 332
12 339
12 371
12 372
12 400
12 422
12 430
12 446
12 462
12 467
12 484
12 490
12 493
12 515
12 563
12 605
12 606
12 607
12 613
12 655
12 680
12 740
12 752
12 776
12 778
12 781
12 794
12 874
12 877
12 940
12 965
13 17
13 19
13 22
13 26
13 27
13 31
13 42
13 70
13 105
13 167
13 177
13 274
13 295
13 315
13 327
13 361
13 385
13 411
13 446
13 464
13 479
13 505
13 610
13 700
13 744
13 761
13 771
13 818
13 842
13 855
13 856
13 869
13 964
13 980
14 29
14 33
14 35
14 40
14 41
14 46
14 47
14 51
14 54
14 56
14 86
14 93
14 94
14 105
14 125
14 127
14 153
14 161
14 162
14 197
14 200
14 201
14 223
14 230
14 261
14 263
14 268
14 273
14 274
14 288
14 304
14 305
14 307
14 347
14 411
14 424
14 439
14 544
14 563
14 573
14 579
14 600
14 703
14 707
14 723
14 769
14 830
14 872
14 907
14 916
15 31
15 32
15 145
15 185
15 910
15 978
16 26
16 52
16 55
16 61
16 98
16 196
16 231
16 305
16 333
16 370
16 433
16 494
16 542
16 620
16 685
16 734
16 807
16 913
16 948
17 21
17 34
17 108
17 145
17 170
17 174
17 225
17 261
17 276
17 281
17 332
17 368
17 380
17 428
17 437
17 509
17 591
17 594
17 636
17 639
17 762
17 794
17 864
18 36
18 38
18 49
18 60
18 62
18 63
18 64
18 76
18 87
18 151
18 168
18 169
18 172
18 243
18 270
18 284
18 329
18 335
18 500
18 523
18 525
18 532
18 628
18 700
18 926
19 24
19 32
19 40
19 42
19 47
19 48
19 70
19 106
19 158
19 160
19 182
19 201
19 232
19 258
19 284
19 306
19 360
19 369
19 381
19 412
19 416
19 525
19 630
19 668
19 677
19 690
19 722
19 779
19 834
19 892
19 932
19 938
19 961
19 989
20 23
20 65
20 93
20 99
20 101
20 137
20 149
20 213
20 234
20 242
20 254
20 298
20 376
20 427
20 587
20 710
20 990
21 22
21 32
21 48
21 130
21 207
21 344
21 429
21 483
21 768
21 779
21 846
21 991
22 27
22 39
22 40
22 89
22 126
22 153
22 160
22 166
22 173
22 184
22 203
22 350
22 524
22 651
22 731
22 832
22 859
22 913
22 933
23 24
23 37
23 38
23 49
23 51
23 76
23 106
23 138
23 165
23 283
23 445
23 498
23 541
23 567
23 652
23 699
23 882
23 912
24 35
24 36
24 41
24 53
24 56
24 75
24 138
24 160
24 218
24 228
24 240
24 374
24 445
24 473
24 523
24 530
24 538
24 595
24 708
25 31
25 58
25 79
25 111
25 189
25 244
25 378
25 488
25 498
25 604
25 720
25 737
26 34
26 37
26 57
26 67
26 135
26 137
26 185
26 187
26 198
26 225
26 249
26 269
26 318
26 363
26 452
26 491
26 512
26 567
26 703
26 709
26 721
26 725
27 44
27 49
27 55
27 77
27 78
27 81
27 104
27 120
27 122
27 126
27 142
27 189
27 207
27 214
27 236
27 237
27 255
27 256
27 300
27 306
27 325
27 354
27 593
27 610
27 651
27 663
27 679
27 683
27 730
27 747
27 906
27 936
28 56
28 62
28 232
28 325
28 351
28 361
28 426
28 516
28 558
28 564
28 582
28 610
28 654
28 851
28 892
28 998
29 39
29 43
29 103
29 114
29 117
29 124
29 128
29 130
29 293
29 326
29 358
29 395
29 412
29 445
29 484
29 501
29 502
29 521
29 561
29 567
29 698
29 803
29 842
29 854
29 951
29 960
30 54
30 55
30 61
30 69
30 71
30 82
30 112
30 119
30 121
30 135
30 151
30 155
30 186
30 200
30 235
30 237
30 238
30 240
30 283
30 284
30 316
30 323
30 327
30 341
30 385
30 392
30 393
30 395
30 410
30 496
30 522
30 549
30 653
30 659
30 669
30 678
30 687
30 688
30 705
30 715
30 721
30 789
30 857
30 908
30 912
30 919
30 950
30 969
31 50
31 57
31 92
31 95
31 104
31 106
31 115
31 128
31 134
31 141
31 143
31 188
31 293
31 322
31 326
31 403
31 519
31 538
31 547
31 578
31 620
31 747
31 876
31 950
31 981
32 172
32 218
32 288
32 480
32 551
32 578
32 678
32 841
33 42
33 45
33 66
33 71
33 180
33 333
33 489
33 574
33 727
33 792
33 819
34 58
34 73
34 178
34 189
34 194
34 229
34 272
34 296
34 441
34 464
34 508
34 511
34 512
34 518
34 537
34 611
34 620
34 629
34 634
34 643
34 717
34 720
34 868
35 39
35 62
35 72
35 100
35 110
35 117
35 118
35 206
35 261
35 316
35 333
35 432
35 575
35 630
35 930
35 997
36 37
36 42
36 43
36 68
36 84
36 96
36 122
36 136
36 138
36 151
36 157
36 167
36 180
36 231
36 251
36 354
36 361
36 383
36 438
36 439
36 443
36 515
36 601
36 814
36 877
37 72
37 74
37 97
37 158
37 168
37 226
37 246
37 267
37 313
37 340
37 418
37 449
37 450
37 515
37 566
37 623
37 760
37 770
37 779
37 781
37 789
37 842
37 862
37 902
37 937
38 43
38 49
38 51
38 60
38 61
38 87
38 89
38 98
38 111
38 141
38 144
38 148
38 158
38 165
38 170
38 202
38 216
38 219
38 221
38 271
38 282
38 284
38 285
38 317
38 335
38 340
38 365
38 384
38 398
38 403
38 413
38 430
38 437
38 459
38 461
38 466
38 507
38 528
38 537
38 566
38 604
38 625
38 663
38 697
38 752
38 826
38 844
38 845
38 947
38 972
39 51
39 57
39 66
39 71
39 78
39 103
39 133
39 192
39 205
39 336
39 358
39 460
39 516
39 561
39 732
39 857
39 980
40 41
40 46
40 70
40 71
40 74
40 79
40 91
40 104
40 135
40 184
40 206
40 252
40 264
40 302
40 407
40 424
40 618
40 645
40 656
40 807
40 808
40 855
40 881
40 883
41 188
41 224
41 250
41 254
41 324
41 350
41 368
41 457
41 552
41 674
41 874
41 945
41 977
42 44
42 75
42 130
42 154
42 193
42 221
42 365
42 611
42 836
42 981
43 53
43 144
43 190
43 258
43 451
43 584
43 864
43 962
44 48
44 52
44 139
44 267
44 346
44 652
44 723
44 741
45 75
45 147
45 171
45 186
45 194
45 240
45 242
45 244
45 276
45 463
45 561
46 113
46 275
46 277
46 307
46 367
46 447
46 452
46 666
47 63
47 81
47 107
47 139
47 148
47 150
47 170
47 281
47 354
47 391
47 421
47 621
47 632
47 778
47 780
47 787
47 805
47 829
47 853
47 906
47 993
48 72
48 116
48 259
48 288
48 698
49 83
49 127
49 166
49 194
49 282
49 348
49 382
49 408
49 419
49 557
49 622
49 670
49 796
49 817
49 858
50 176
50 331
50 377
50 487
50 780
50 885
51 85
51 98
51 166
51 260
51 459
51 616
51 629
51 659
51 740
51 785
52 65
52 73
52 82
52 90
52 131
52 147
52 192
52 249
52 271
52 441
52 501
52 525
52 642
52 696
52 710
52 730
52 736
52 745
52 750
52 811
52 934
52 953
52 984
52 997
53 133
53 143
53 150
53 250
53 268
53 301
53 311
53 323
53 355
53 666
54 77
54 86
54 156
54 193
54 208
54 790
54 794
54 839
54 853
54 911
55 183
55 222
55 228
55 300
55 431
55 458
55 528
55 596
55 680
55 830
56 63
56 68
56 120
56 129
56 154
56 170
56 171
56 193
56 203
56 216
56 219
56 270
56 283
56 356
56 421
56 498
56 536
56 588
56 598
56 621
56 684
56 690
56 759
56 786
56 797
56 840
56 856
56 868
56 989
57 198
57 238
58 79
58 133
58 173
58 178
58 221
58 332
58 360
58 390
58 559
58 766
58 836
58 838
59 83
59 90
59 104
59 124
59 136
59 175
59 178
59 192
59 206
59 209
59 268
59 317
59 442
59 486
59 568
59 614
59 688
59 709
59 831
59 852
59 865
59 883
59 923
60 123
60 150
60 159
60 239
60 860
61 95
61 101
61 134
61 349
61 462
61 479
61 582
61 820
62 105
62 252
62 343
62 383
62 406
62 597
62 671
62 699
62 744
62 837
62 844
62 910
63 64
63 84
63 111
63 121
63 165
63 204
63 230
63 241
63 260
63 297
63 363
63 365
63 374
63 451
63 461
63 583
63 612
63 706
63 717
63 743
63 823
63 997
64 80
64 103
64 112
64 132
64 140
64 209
64 381
64 404
64 477
64 482
64 702
64 760
64 839
64 940
65 84
65 96
65 148
65 171
65 198
65 290
65 362
65 405
65 424
65 458
65 485
65 538
65 576
65 585
65 617
65 726
65 728
65 758
65 840
65 893
65 919
66 70
66 96
66 131
66 199
66 227
66 380
66 388
66 417
66 480
66 568
66 613
66 704
67 109
67 164
67 212
67 226
67 253
67 272
67 329
67 347
67 440
67 523
67 564
67 633
67 807
67 847
67 884
67 931
67 940
67 999
68 92
68 152
68 261
68 290
68 446
69 113
69 194
69 301
69 400
70 74
70 88
70 542
70 550
70 909
71 100
71 151
71 217
71 318
71 357
71 386
71 426
71 505
71 671
71 691
71 828
71 860
72 136
72 197
72 205
72 287
72 301
72 434
72 441
72 449
72 552
72 710
72 728
72 799
72 954
72 998
73 99
73 102
73 118
73 123
73 225
73 394
73 397
73 511
73 650
73 655
73 708
73 777
73 792
74 80
74 264
74 289
74 385
74 401
74 665
74 673
74 877
75 80
75 83
75 119
75 129
75 139
75 142
75 197
75 224
75 345
75 426
75 428
75 453
75 679
75 682
75 686
75 889
75 961
75 972
76 97
76 123
76 136
76 191
76 275
76 298
76 360
76 484
76 487
76 668
76 673
76 675
76 676
76 705
76 818
76 853
77 97
77 103
77 114
77 308
77 338
77 348
77 384
77 425
77 526
77 702
77 793
77 879
77 898
78 79
78 181
78 199
78 222
78 229
78 234
78 258
78 279
78 313
78 320
78 339
78 405
78 575
78 616
78 725
78 804
78 830
78 928
79 110
79 122
79 174
79 309
79 341
79 345
79 404
79 427
79 480
79 723
79 827
79 843
79 863
79 955
80 114
80 132
80 175
80 187
80 210
80 223
80 367
80 494
80 617
80 644
80 949
81 96
81 133
81 147
81 368
81 420
81 690
81 765
82 100
83 90
83 117
83 161
83 162
83 186
83 202
83 262
83 312
83 356
83 555
83 556
83 861
83 936
83 957
83 995
84 87
84 88
84 94
84 131
84 135
84 147
84 162
84 181
84 220
84 230
84 233
84 289
84 312
84 365
84 434
84 456
84 463
84 683
84 944
85 91
85 102
85 159
85 231
85 314
85 353
85 359
85 371
85 383
85 418
85 420
85 478
85 520
85 550
85 566
85 619
85 665
85 769
85 851
85 867
85 871
85 965
85 966
85 968
86 102
86 132
86 221
86 335
86 457
86 487
86 726
87 115
87 146
87 156
87 212
87 239
87 242
87 384
87 461
87 592
88 93
88 173
88 396
88 410
88 482
88 486
88 511
88 564
88 654
88 658
88 716
88 738
88 758
88 774
88 899
88 920
89 107
89 145
89 247
89 321
89 350
89 389
89 421
89 612
89 746
89 848
90 109
90 196
90 764
90 890
91 100
91 116
91 129
91 134
91 247
91 477
91 516
91 660
91 757
92 107
92 155
92 199
92 219
92 243
92 255
92 352
92 378
92 440
92 476
92 494
92 513
92 532
92 552
92 554
92 635
92 906
93 115
93 117
93 336
93 558
94 115
94 157
94 214
94 286
94 296
94 309
94 324
94 337
94 388
94 489
94 578
94 640
94 766
95 168
95 303
95 329
95 402
95 448
95 472
95 548
95 664
95 757
95 773
95 942
95 987
95 988
95 990
95 999
96 101
96 123
96 334
96 392
96 420
96 423
96 427
96 510
96 572
96 641
96 646
96 681
96 777
97 236
97 292
97 371
97 465
97 504
97 812
97 946
98 249
98 262
98 287
98 444
98 497
98 554
98 725
98 937
98 979
99 141
99 179
99 329
99 393
99 414
99 457
99 465
99 589
99 762
99 898
99 928
100 112
100 119
100 121
100 152
100 154
100 266
100 314
100 315
100 332
100 346
100 400
100 600
100 653
100 666
100 715
100 753
100 775
100 819
100 854
100 878
100 900
101 343
101 354
101 893
102 185
102 200
102 436
102 926
102 964
103 128
103 250
103 299
103 392
103 410
103 415
104 112
104 126
104 182
104 217
104 220
104 322
104 399
104 504
104 581
104 674
104 701
104 706
104 767
104 950
104 964
105 203
105 206
105 244
105 267
105 287
105 311
105 340
105 352
105 358
105 378
105 473
105 581
105 696
105 798
105 927
105 953
105 974
106 270
106 481
106 712
106 821
106 925
107 176
107 184
107 243
107 245
107 349
107 401
107 945
108 120
108 247
108 293
108 432
108 619
108 636
108 708
108 751
109 175
109 216
109 255
109 276
109 304
109 308
109 324
109 342
109 448
109 531
109 707
109 905
109 931
109 966
109 983
110 417
110 526
110 669
110 682
111 396
111 846
112 387
112 466
113 470
114 195
114 257
114 263
114 364
114 703
114 709
114 734
114 859
114 862
114 902
114 978
115 234
115 240
115 241
115 295
115 647
115 698
116 124
116 166
116 172
116 186
116 210
116 213
116 256
116 267
116 334
116 355
116 402
116 425
116 465
116 469
116 539
116 540
116 632
116 647
116 715
116 733
116 738
116 771
116 823
116 833
116 846
116 975
116 985
117 216
117 262
117 292
117 296
117 306
117 672
117 886
118 124
118 137
118 226
118 227
118 263
118 291
118 561
118 583
118 639
118 711
118 915
119 253
119 292
119 492
119 556
119 560
119 571
119 613
119 738
119 796
119 948
119 961
120 492
120 505
120 882
121 218
121 509
121 795
122 140
122 200
122 277
122 405
122 452
122 640
122 685
122 747
122 774
122 799
122 994
123 126
123 129
123 241
123 281
123 506
123 524
124 245
124 250
124 272
124 399
124 607
125 157
125 234
125 259
125 369
125 473
125 490
125 549
125 615
125 707
125 724
125 774
125 959
126 143
126 986
127 182
127 341
127 543
127 667
127 866
128 161
128 211
128 886
129 683
129 688
129 802
129 975
130 174
130 330
130 393
130 399
130 548
130 654
130 658
130 790
130 841
131 488
131 611
131 642
131 676
132 142
132 198
132 549
132 622
132 953
133 144
133 146
133 156
133 167
133 183
133 210
133 285
133 349
133 369
133 375
133 381
133 398
133 463
133 504
133 671
133 735
133 783
133 919
134 143
134 146
134 183
134 204
134 211
134 237
134 320
134 385
134 395
134 496
134 531
134 537
134 539
134 565
134 713
134 742
134 772
135 291
135 308
135 398
135 465
135 533
135 587
136 168
136 357
136 370
136 501
136 609
136 627
136 699
136 719
137 169
137 290
137 388
137 389
137 407
137 541
137 670
137 686
137 787
137 920
138 173
138 190
138 217
138 409
138 418
138 492
138 895
139 233
139 278
139 286
139 369
139 402
139 474
139 491
140 287
140 594
141 215
141 229
141 328
141 425
141 531
141 555
141 677
141 741
141 798
141 872
141 941
141 988
142 328
142 522
142 569
142 583
142 719
143 158
143 163
143 189
143 397
143 430
143 454
144 152
144 479
144 710
144 779
144 805
144 814
144 837
145 215
145 433
145 671
146 177
146 197
146 209
146 555
146 701
146 788
146 986
147 366
147 376
147 415
147 660
147 665
147 767
148 150
148 248
148 470
148 901
148 970
149 184
149 195
149 252
149 379
149 416
149 475
149 656
149 753
149 759
149 901
149 956
150 190
150 544
151 188
151 254
151 704
151 855
152 180
152 187
152 292
152 523
152 609
152 974
152 996
153 160
153 299
153 447
153 466
153 513
153 626
153 782
154 247
154 325
154 516
154 545
154 625
154 631
154 685
154 739
154 797
154 904
155 407
155 631
156 217
156 362
156 769
156 924
157 223
157 384
157 430
158 182
158 444
158 539
158 569
158 637
158 724
158 764
158 775
158 923
159 259
159 357
159 491
159 651
159 755
159 904
160 553
161 562
161 808
161 873
161 896
162 399
162 982
162 992
163 210
163 509
163 526
163 543
163 568
163 572
163 745
163 812
163 848
164 337
164 540
164 579
164 937
165 174
165 489
165 543
165 569
165 689
165 740
165 786
166 246
166 514
166 949
167 190
167 317
167 342
167 534
167 609
167 816
167 981
168 248
168 256
168 573
168 637
168 649
168 675
169 193
169 244
169 268
169 468
169 585
169 591
169 601
170 178
170 185
170 249
170 257
170 446
170 692
170 879
171 179
171 223
171 231
171 262
171 344
171 508
171 596
171 615
171 707
171 751
171 822
171 875
171 891
172 743
172 951
172 968
173 377
173 577
173 888
174 270
174 463
174 575
174 593
174 664
175 228
175 593
175 682
175 689
176 238
176 296
176 314
176 431
176 454
176 475
176 580
176 620
176 753
177 181
177 220
177 256
177 391
177 406
177 551
177 576
177 816
178 226
178 638
179 208
179 265
179 280
179 286
179 396
179 438
179 455
179 602
179 649
179 697
179 903
180 229
180 230
180 265
180 312
180 331
180 387
180 512
180 517
180 552
180 646
180 717
180 720
180 794
180 867
180 880
180 939
181 212
181 294
182 201
182 248
182 255
182 283
182 503
182 596
182 834
183 322
183 519
183 889
184 251
184 277
184 304
184 411
184 422
184 695
184 915
184 916
185 260
185 378
185 469
185 749
186 191
186 467
186 475
186 603
187 266
187 271
187 367
187 414
187 483
187 553
187 638
187 718
187 785
187 850
188 199
188 436
188 618
188 628
188 740
188 754
189 195
189 290
189 328
189 507
189 961
190 265
190 591
191 222
191 224
191 264
191 419
191 550
191 722
191 855
191 942
191 955
192 260
192 474
192 579
192 666
192 681
192 712
192 859
193 346
193 444
193 562
194 215
194 408
195 212
195 351
195 355
195 450
195 556
195 661
195 795
196 254
196 379
196 532
196 676
197 209
197 624
198 454
198 718
198 726
199 520
200 266
200 482
201 508
201 613
201 616
201 648
202 279
202 297
202 688
202 728
202 895
203 624
204 657
204 716
204 851
204 942
205 274
205 301
205 370
205 493
205 694
205 844
206 306
206 310
206 334
206 526
206 599
206 833
206 838
207 269
207 286
207 339
207 392
207 534
207 601
207 713
207 897
208 294
208 375
208 376
208 401
208 472
208 498
208 723
209 418
209 485
209 804
210 228
210 232
210 471
210 634
210 778
210 887
211 303
211 342
211 587
211 754
211 925
211 945
212 218
212 305
212 330
212 442
212 479
212 497
212 827
213 281
213 455
213 783
213 979
214 282
214 495
214 932
215 305
215 577
215 913
216 334
216 524
216 556
216 869
216 894
216 925
216 956
216 967
216 992
217 220
217 257
217 584
217 674
217 752
217 899
217 921
218 269
218 359
218 872
219 302
220 383
220 731
221 339
221 402
221 413
221 414
221 478
221 484
221 502
221 572
221 829
221 866
221 957
222 313
222 364
222 386
222 412
222 413
222 471
222 535
222 562
222 592
222 608
222 754
222 786
222 889
223 330
223 395
223 726
223 776
223 800
223 843
224 227
224 323
224 393
224 436
224 448
224 456
224 481
224 606
224 824
224 857
224 871
225 388
225 404
225 420
225 587
225 759
226 373
226 429
226 694
226 866
227 237
227 716
228 235
228 802
228 908
229 347
229 370
229 983
230 310
230 628
230 657
230 748
230 870
231 503
231 558
231 612
231 908
232 235
232 356
232 373
232 527
232 573
232 963
233 253
233 278
233 280
233 462
233 599
233 667
234 386
234 955
235 243
235 734
235 758
235 826
235 991
236 248
236 468
236 475
236 806
237 316
237 480
237 490
237 519
237 535
237 653
237 748
237 878
237 903
237 930
238 412
238 494
238 499
239 443
239 453
239 984
240 245
240 297
240 390
240 495
241 655
241 741
242 272
242 302
242 303
242 318
242 408
242 539
242 618
242 791
242 931
242 995
242 996
243 353
243 650
244 295
244 356
244 423
244 428
244 589
244 755
244 809
244 979
245 609
245 622
245 841
245 989
246 637
246 641
246 733
246 851
246 890
248 302
248 328
248 379
248 403
248 419
248 473
248 531
248 602
248 921
249 416
249 433
249 954
250 277
250 456
250 474
250 914
251 315
252 319
252 401
252 681
252 691
252 761
252 773
252 858
252 877
252 882
253 416
254 340
255 319
255 350
255 499
255 513
255 521
255 591
256 630
256 686
256 704
256 792
257 398
257 599
257 732
257 831
259 376
259 386
259 702
259 976
259 987
260 275
260 382
260 432
261 424
261 588
261 720
261 776
261 897
261 947
262 343
262 663
263 461
263 614
264 303
264 351
264 468
264 551
264 645
264 692
265 289
265 672
265 808
265 935
266 278
266 338
266 409
266 748
267 341
267 768
268 521
268 602
268 749
268 810
269 831
270 874
270 876
270 930
271 318
271 675
271 782
271 868
272 409
272 467
272 546
272 626
272 795
273 322
273 987
274 298
274 349
274 382
275 298
275 321
275 437
275 529
275 624
276 335
276 459
276 919
277 338
277 522
277 749
278 958
279 294
279 300
279 435
279 605
279 705
279 729
279 886
280 888
281 293
281 547
281 581
282 366
282 375
282 380
282 394
282 520
282 536
282 943
282 979
282 998
283 299
283 357
283 403
283 421
283 608
283 617
283 629
283 706
284 323
284 330
284 625
285 499
285 538
285 684
286 291
286 297
286 337
286 364
286 588
286 783
286 824
286 912
288 438
289 450
289 537
289 571
289 657
289 658
289 795
291 309
291 685
292 333
292 362
292 443
292 500
292 628
292 745
292 798
293 363
293 570
293 934
294 661
294 791
294 970
295 381
295 630
297 326
297 545
297 809
297 833
297 983
298 373
298 660
299 308
299 377
299 530
299 603
299 762
299 810
299 817
300 777
300 939
301 994
302 586
302 785
303 343
303 372
303 427
303 522
303 822
303 824
304 389
304 530
304 627
304 742
304 896
305 536
305 711
305 815
306 544
306 728
306 815
307 345
307 729
307 800
307 876
307 883
309 397
309 460
309 568
309 642
309 977
310 373
310 730
311 315
311 382
311 425
311 460
311 518
311 908
312 454
312 527
312 576
313 581
313 729
313 845
314 600
315 471
315 520
315 627
315 752
316 932
317 497
318 468
318 888
318 927
318 958
319 582
320 488
320 529
320 570
320 744
320 832
321 483
321 643
321 695
321 818
322 366
322 563
322 584
323 633
323 809
324 404
324 789
324 878
324 937
325 483
325 930
326 348
326 715
326 744
326 941
326 999
327 566
327 577
327 605
327 751
327 911
328 664
328 838
329 662
329 805
331 447
331 559
331 598
331 617
331 642
331 766
331 788
331 850
331 934
332 428
332 595
332 714
333 351
333 607
333 893
334 497
334 590
334 615
334 860
335 374
335 770
336 532
337 993
339 559
339 713
339 804
339 965
339 986
340 380
340 396
340 464
340 853
340 941
341 344
341 352
341 517
341 594
342 524
342 580
342 648
342 670
342 701
343 571
344 486
344 554
344 632
344 849
344 881
344 959
346 554
346 577
346 836
346 928
348 825
349 602
349 946
350 411
350 414
350 434
350 451
350 694
350 787
350 791
351 438
352 750
352 863
352 876
353 506
353 597
353 604
353 679
353 913
353 992
354 477
354 487
354 646
354 659
354 691
355 371
355 509
355 793
355 921
355 940
355 946
357 422
357 849
358 541
358 610
358 662
358 689
358 929
358 962
359 714
359 784
361 858
363 426
363 605
364 565
364 640
365 374
365 545
365 621
366 460
366 780
367 758
367 781
367 911
367 914
369 928
370 492
370 997
372 813
372 926
373 390
375 448
375 917
376 634
376 909
377 481
377 493
377 803
378 394
378 442
378 470
378 529
378 553
378 578
378 667
378 739
379 513
382 528
382 971
383 435
383 942
384 589
386 457
386 493
386 669
387 431
387 502
387 560
387 590
387 756
387 827
387 920
387 994
388 436
388 736
388 765
389 922
389 982
390 803
390 922
391 829
391 938
391 980
392 495
393 496
393 519
393 881
393 915
394 533
396 863
397 936
398 879
399 558
399 926
400 976
401 450
401 608
401 850
401 934
402 567
403 490
403 514
403 559
403 631
403 763
403 801
403 856
403 971
405 633
405 750
406 431
406 975
406 985
407 466
410 445
410 693
411 417
411 458
411 478
411 645
412 439
412 691
414 712
414 929
415 796
415 891
415 944
417 452
417 760
418 914
419 733
420 571
420 572
420 621
420 701
422 439
423 435
423 729
423 864
423 872
423 967
423 993
425 444
426 619
426 632
426 976
427 476
427 503
427 745
427 927
428 507
428 717
428 742
428 759
428 772
428 823
428 839
430 476
430 485
431 597
432 898
433 467
433 481
434 546
435 533
435 897
436 504
436 595
436 596
436 678
437 828
438 547
438 623
438 641
439 542
441 838
442 811
442 832
442 924
443 474
443 477
443 528
443 586
443 604
443 635
443 761
444 650
445 489
447 476
447 709
447 800
448 808
448 814
448 856
449 486
450 469
450 684
450 804
450 965
451 464
451 527
451 586
452 640
452 843
452 885
452 901
455 500
455 825
455 991
456 732
456 835
457 887
458 545
458 810
459 514
460 580
464 635
464 661
464 695
464 994
465 765
469 686
470 488
470 616
470 645
470 904
471 643
471 661
471 870
472 814
472 848
473 655
475 518
475 782
475 806
475 945
475 962
476 606
477 511
477 721
478 837
479 546
479 873
479 954
480 731
483 505
483 949
485 582
485 673
486 651
486 902
486 931
487 507
487 521
488 693
488 797
489 529
489 636
490 501
491 570
491 584
491 812
491 944
493 672
493 847
493 906
496 916
497 585
498 595
498 754
498 811
499 543
500 534
501 678
502 565
502 639
502 648
502 771
503 652
504 512
504 880
504 900
504 914
505 771
506 839
506 865
506 939
509 746
510 724
510 763
511 950
514 869
515 674
515 935
516 563
517 874
518 649
520 541
520 917
521 586
521 972
521 996
522 708
523 750
523 871
524 603
524 952
526 698
527 600
527 971
528 704
529 672
529 792
531 614
531 835
532 829
533 736
533 789
534 570
534 716
534 918
535 935
538 560
540 900
543 660
543 735
543 909
544 944
546 574
547 982
548 573
548 643
548 920
548 943
550 681
550 799
551 583
551 756
551 968
551 990
552 619
552 948
554 592
554 657
554 850
554 973
555 598
555 662
555 887
556 735
556 890
557 682
557 886
558 590
558 705
558 712
558 830
560 624
563 598
563 918
565 693
565 833
565 971
566 594
566 702
568 763
568 842
569 963
571 753
571 896
571 973
572 847
573 618
573 647
573 861
576 608
576 793
578 840
580 652
580 721
580 932
581 633
581 636
581 669
581 696
581 699
581 756
581 854
581 929
581 967
583 741
583 788
584 641
585 700
585 952
588 597
588 687
588 757
588 925
589 890
592 911
592 973
594 650
594 821
595 783
595 784
596 768
597 733
598 895
598 988
600 718
601 697
601 727
601 760
601 769
601 864
601 954
602 603
602 607
602 631
602 738
604 615
606 725
606 736
606 801
607 801
607 912
607 923
608 774
609 884
610 676
610 861
611 653
611 966
612 972
613 735
613 828
614 622
614 763
615 644
615 668
616 916
617 730
617 861
620 793
620 859
621 649
622 634
623 625
623 659
623 739
625 695
625 700
626 847
626 978
627 867
628 644
628 647
628 658
628 670
628 810
629 845
629 875
632 903
632 993
635 667
635 692
635 768
637 962
638 722
639 956
640 648
640 956
642 817
643 881
643 900
644 844
645 679
645 849
645 922
647 992
648 828
648 917
648 933
648 996
650 719
650 748
650 766
650 854
651 780
654 841
657 820
657 976
658 703
659 894
659 899
660 882
660 959
666 737
666 815
667 770
668 947
669 923
670 714
672 803
672 957
677 852
678 907
679 684
680 786
681 775
683 777
683 869
683 924
687 722
687 939
691 746
691 903
693 933
694 963
696 697
696 762
697 772
697 896
699 966
702 756
702 909
702 973
703 807
704 907
706 800
706 862
706 905
706 935
708 802
710 819
714 775
714 816
715 825
716 778
718 985
719 941
720 806
721 969
722 784
723 870
724 888
725 870
728 835
728 884
728 897
730 811
733 781
733 813
734 782
739 848
739 921
739 959
741 823
741 873
743 952
747 875
752 755
752 857
755 927
755 995
757 836
761 791
762 820
762 824
764 929
765 892
766 805
767 812
768 822
768 863
773 819
775 885
783 790
783 865
787 846
788 910
798 880
798 938
804 960
809 883
812 995
814 975
815 822
816 955
819 910
820 943
824 952
826 840
827 963
829 834
830 947
831 885
831 901
834 880
837 977
838 849
840 865
842 967
850 868
850 988
859 894
859 980
859 984
860 875
860 915
865 889
865 894
871 983
872 873
874 905
885 953
892 918
897 974
902 936
902 998
906 924
907 958
914 960
928 991
934 970
953 984
981 985
